20    59.89974477736786
20.290906698750476    59.98852402456305
20.586044732869844    60.077007040405356
20.885475648548283    60.16491659288369
21.189261887185914    60.252139543277366
21.49746679841394    60.338817839958374
21.810154653305165    60.4253105524246
22.12739065777668    60.51204135437416
22.449240966187475    60.59931470043394
22.77577269513385    60.68718733404703
23.107053937445478    60.77545349900581
23.44315377638505    60.86372779679755
23.784142300054445    60.9515810725021
24.130090616010463    61.03866620470912
24.481070866093134    61.124759634245606
24.837156241469714    61.20973443195312
25.1984209978975    61.29350250757601
25.56494047120865    61.37597100998375
25.936791093020236    61.45706582154937
26.3140504066728    61.53677649340597
26.69679708340074    61.61519317957653
27.08511093873791    61.69247005570365
27.47907294916184    61.7687503027007
27.878765268980047    61.84408640798587
28.284271247461966    61.91842594234185
28.695675446220072    61.99166204598462
29.11306365684382    62.06373225745619
29.536522918790062    62.13469757591626
29.966141537533712    62.20476118977856
30.402009102982383    62.27419041287562
30.844216508158908    62.34320117191488
31.29285596815558    62.411866005944596
31.74802103936409    62.48010818658269
32.20980663898519    62.54776866819734
32.67830906482211    62.6147035684179
33.153626015361866    62.68082153570948
33.63585661014871    62.746045255216444
34.125101410453844    62.81027522166707
34.62146244024586    62.873383503538804
35.12504320746613    62.935234582972555
35.635948725613716    62.995709935561855
36.15428553564419    63.0547178464671
36.68016172818701    63.112205116893925
37.21368696608603    63.16815785494579
37.754972507267915    63.22259098094525
38.30413122794313    63.275559604735996
38.86127764614443    63.32722635165509
39.4265279456077    63.37790566575685
40.000000000000206    63.42798084239136
40.58181339750116    63.47772057670904
41.1720894657399    63.52717109983966
41.77095129709678    63.57624085315404
42.37852377437204    63.62487357954055
42.9949335968281    63.673101329847896
43.62030930661056    63.72092824020432
44.25478131555359    63.76821743939591
44.89848193237519    63.814709022780185
45.55154539026795    63.86007826295257
46.21410787489121    63.90392668009222
46.88630755277036    63.94586723483005
47.56828460010916    63.98581201120489
48.260181232021196    64.02415349858568
48.962141732186545    64.06146643169957
49.674312482939705    64.09805422782959
50.39684199579528    64.13384862382668
51.129880942417586    64.16861557727842
51.873582186040764    64.20211484745796
52.628100813345895    64.23419191843419
53.393594166801776    64.26483829781434
54.17022187747612    64.29414812972432
54.95814589832399    64.32227092048628
55.75753053796041    64.34940615702916
56.56854249492426    64.3757311881326
57.39135089244048    64.4013096969028
58.226127313687975    64.42619523461141
59.073045837580466    64.45058807013196
59.932283075067765    64.47472101925204
60.804018205965114    64.49860746909934
61.68843301631817    64.52205458627836
62.58571193631152    64.54488131898505
63.49604207872855    64.56699723495025
64.41961327797075    64.5883525235026
65.35661812964459    64.60887660752954
66.3072520307241    64.62850339258024
67.27171322029778    64.64726801212478
68.25020282090806    64.66532188828067
69.2429248804921    64.68285626586794
70.25008641493265    64.70004639254023
71.27189745122783    64.71700231971043
72.30857107128878    64.73376023414438
73.36032345637442    64.75033070984026
74.42737393217246    64.76678953870929
75.50994501453623    64.78328174197704
76.60826245588666    64.79998139029323
77.72255529228926    64.81699389752738
78.85305589121582    64.83434668569828
80.00000000000082    64.85200159298996
81.16362679500274    64.86979735758972
82.34417893148023    64.88745054377723
83.541902594194    64.90459406974028
84.75704754874454    64.92079439454255
85.98986719365665    64.9355331518978
87.24061861322157    64.94815018512152
88.50956263110764    64.9578365985012
89.79696386475084    64.96349981426559
91.10309078053635    64.96358854128003
92.42821574978288    64.9560484888702
93.77261510554118    64.93842971603493
95.13656920021877    64.90818921797064
96.52036246404286    64.86311178232435
97.92428346437356    64.80198297075908
99.34862496587989    64.72519309358557
100.79368399159105    64.63504686403873
102.25976188483567    64.53551757678973
103.74716437208203    64.4311095308573
105.25620162669229    64.32489296220874
106.78718833360406    64.21704876362818
108.34044375495276    64.10488182942998
109.9162917966485    63.98431305282452
111.51506107592134    63.85237829851047
113.13708498984903    63.70985670765378
114.78270178488147    63.56236186262616
116.45225462737648    63.418203184749714
118.14609167516147    63.284731571992786
119.86456615013608    63.16670737633164
121.60803641193078    63.06733788103259
123.3768660326369    62.99047354448207
125.17142387262359    62.9395634758763
126.99208415745765    62.91632121704525
128.83922655594208    62.920354961741666
130.71323625928977    62.948882821652525
132.61450406144883    62.99632862377766
134.5434264405962    63.054789047361204
136.50040564181674    63.11562398631792
138.48584976098482    63.171093396372825
140.50017282986593    63.21543369025705
142.5437949024563    63.245251853455315
144.61714214257822    63.259291020830894
146.7206469127495    63.25807085368855
148.8547478643456    63.243632243680075
151.01989002907314    63.219286741441195
153.216524911774    63.18917181791179
155.4451105845792    63.15749694774828
157.70611178243232    63.12782301784026
160.00000000000236    63.102455867010875
162.3272535900062    63.082234866894325
164.6883578629612    63.06680943450801
167.08380518838874    63.05500069290802
169.51409509748981    63.04498367796301
171.97973438731407    63.03529129445959
174.4812372264439    63.02461519624146
177.01912526221608    63.012235696936735
179.5939277295025    62.99824761732226
182.20618156107355    62.983103761402894
184.85643149956664    62.966998057415836
187.54523021108326    62.949958366264
190.27313840043846    62.932074325811556
193.04072492808663    62.91362452244946
195.84856692874806    62.895053578678294
198.69724993176072    62.87696469399042
201.58736798318304    62.86013315380803
204.5195237696723    62.84579387839812
207.49432874416505    62.83552140371483
210.5124032533856    62.830485437070365
213.57437666720915    62.83071907390602
216.68088750990657    62.83527597429767
219.83258359329807    62.84282685052115
223.03012215184378    62.852261153917176
226.2741699796992    62.862885857630346
229.5654035697641    62.87447598022317
232.90450925475412    62.88721090592838
236.2921833503241    62.90055102291972
239.72913230027333    62.912602980681726
243.21607282386276    62.920883437018595
246.75373206527502    62.92378434461873
250.34284774524843    62.921705502740515
253.9841683149166    62.91642784190968
257.67845311188546    62.910178508791354
261.42647251858085    62.90496109693213
265.22900812289896    62.90231368230072
269.08685288119375    62.90313261536586
273.0008112836349    62.90791821020905
276.97169952197106    62.91660599213137
281.00034565973334    62.928531301403986
285.0875898049141    62.942590655334534
289.23428428515797    62.95755024959906
293.44129382550057    62.972150454666995
297.7094957286928    62.98531871267473
302.0397800581479    62.99646110355367
306.4330498235497    63.005536371018735
310.89022116916016    63.01310574983547
315.41222356486645    63.02006482791012
320.00000000000654    63.02679057936504
324.6545071800142    63.033198456223495
329.3767157259242    63.03987310574988
334.16761037677935    63.04829734056789
339.02819019498156    63.0597172417794
343.95946877463007    63.0743803529725
348.9624744528898    63.09176831693188
354.03825052443415    63.11129953054769
359.187855459007    63.13248663882098
364.4123631221491    63.15474101742383
369.71286299913527    63.17747594215676
375.0904604221685    63.200457630917576
380.54627680087896    63.223828781924915
386.08144985617537    63.24784541639569
391.6971338574982    63.27193934825585
397.3944998635236    63.29487176603173
403.1747359663683    63.315523562567485
409.0390475393468    63.33403671561332
414.9886574883323    63.35221660780081
421.0248065067734    63.37214818652809
427.1487533344206    63.39362748027362
433.3617750198154    63.41538419398998
439.6651671865984    63.43648524541406
446.06024430368984    63.4573378496592
452.54833995940066    63.48050876435864
459.13080713953053    63.50899573100427
465.8090185095106    63.54103464343895
472.58436670065066    63.5727807788873
479.45826460054917    63.60551150193738
486.432145647728    63.64154337127695
493.50746413055253    63.68181918772683
500.6856954904994    63.72636967438769
507.9683366298358    63.77486039017123
515.3569062237735    63.826384704470655
522.8529450371643    63.87935144693665
530.4580162458005    63.93124870008904
538.1737057623901    63.97929022104438
546.0016225672724    64.021885395881
553.9433990439449    64.05932006803722
562.0006913194694    64.09356347276648
570.1751796098309    64.12678194455488
578.4685685703187    64.1625869439754
586.8825876510039    64.20573459357512
595.4189914573883    64.25946675184547
604.0795601162986    64.32346983451289
612.8660996471021    64.39271066719579
621.780442338323    64.45785046745988
630.8244471297356    64.50392529999914
640.0000000000159    64.50924726019979
649.3090143600314    64.44372999095941
658.7534314518515    64.27693908303804
668.3352207535618    63.99788503382345
678.0563803899662    63.64440393023023
687.9189375492632    63.32152397883411
697.9249489057827    63.16198952092903
708.0765010488715    63.22691240148767
718.3757109180171    63.46119492167563
728.8247262443015    63.76145058328444
739.425725998274    64.04834128966701
750.1809208443404    64.28990297170468
761.0925536017613    64.48816757419068
772.1628997123541    64.65516524831439
783.3942677149998    64.79857352907747
794.7889997270506    64.9218860484908
806.34947193274    65.02778217191758
818.0780950786972    65.12110121209855
829.9773149766683    65.20761756599322
842.0496130135506    65.28864189557565
854.2975066688449    65.36234307229482
866.7235500396347    65.428690334744
879.3303343732008    65.49193044567248
892.1204886073838    65.55580214276516
905.0966799188055    65.6211753505152
918.2616142790653    65.6905209829661
931.6180370190256    65.76598359357644
945.1687334013056    65.84454249863074
958.9165292011028    65.92448959450955
972.8642912954606    66.00888405777302
987.0149282611097    66.09949085906905
1001.3713909810035    66.1969521662122
1015.9366732596762    66.3025622171262
1030.7138124475518    66.41439487825411
1045.7058900743334    66.52385359747414
1060.916032491606    66.61898076468738
1076.3474115247852    66.6955900458589
1092.0032451345498    66.76345745862785
1107.8867980878947    66.83898992670672
1124.0013826389438    66.92545744816952
1140.350359219667    67.01708398698199
1156.9371371406426    67.12193471502566
1173.765175302013    67.25010706195879
1190.837982914782    67.39375456659023
1208.1591202326028    67.53720974967312
1225.73219929421    67.67356128071495
1243.5608846766518    67.80042494417822
1261.648894259477    67.92518960349594
1280.0000000000375    68.04493515093776
1298.6180287200684    68.14526894539667
1317.5068629037087    68.21273064559553
1336.6704415071292    68.25544602665119
1356.112760779938    68.30677217640522
1375.8378750985323    68.38960521658598
1395.8498978115715    68.50174611104501
1416.153002097749    68.62295915660602
1436.7514218360407    68.72582768631517
1457.6494524886093    68.78100962071399
1478.8514519965543    68.79040410560626
1500.3618416886875    68.76721524432416
1522.1851072035295    68.73371447849398
1544.3257994247153    68.72379598877903
1566.788535430007    68.75645225656258
1589.5779994541087    68.82397407117801
1612.6989438654878    68.87907847158696
1636.156190157402    68.91709567012666
1659.9546299533442    68.97862918156181
1684.099226027109    69.10000047596718
1708.5950133376978    69.2370375504221
1733.4471000792773    69.31744671246845
1758.6606687464096    69.2978712473397
1784.2409772147755    69.19157503734841
1810.193359837619    69.0524152738951
1836.5232285581387    68.92833342876372
1863.2360740380593    68.82735332377041
1890.3374668026197    68.76299845089294
1917.833058402214    68.76157790340423
1945.7285825909298    68.84570225307095
1974.0298565222283    68.99619010070458
2002.7427819620161    69.14025478759508
2031.8733465193618    69.26615928124392
2061.4276248951132    69.47215370724982
2091.411780148677    69.79250527526017
2121.832064983222    70.15069408069436
2152.694823049581    70.47818351830327
2184.0064902691106    70.7642429387041
2215.7735961758003    70.99180558909312
2248.002765277899    71.15149520500373
2280.7007184393456    71.3219040733433
2313.874274281297    71.54274578551646
2347.530350604038    71.72722630529914
2381.6759658295764    71.8325883561513
2416.318240465218    71.88941346187148
2451.4643985884327    71.91802134676435
2487.1217693533167    71.92791061810846
2523.2977885189675    71.98532392149444
2560.0000000000887    72.12656108474894
2597.236057440151    72.30873057397804
2635.0137258074315    72.49831727310584
2673.340883014273    72.69656505340491
2712.225521559891    72.91124340127372
2751.6757501970797    73.09595604296572
2791.699795623158    73.246850919804
2832.3060041955137    73.41533241593417
2873.502843672097    73.64654385236427
2915.2989049772345    73.94644291311373
2957.7029039931244    74.23503340354145
3000.723683377391    74.4634595854139
3044.370214407075    74.59918662729312
3088.6515988494466    74.6316553790168
3133.57707086003    74.59892603994562
3179.1559989082334    74.47581762599015
3225.3978877309914    74.3247415198367
3272.3123803148205    74.27267023403554
3319.9092599067053    74.26767326889936
3368.198452054235    74.19302072145312
3417.190026675413    74.02023810440122
3466.8942001585724    73.79554506747542
3517.3213374928373    73.57449895863269
3568.4819544295697    73.33335388027118
3620.386719675257    73.05932966826548
3673.0464571162966    72.79440219679951
3726.472148076138    72.54041235774542
3780.6749336052594    72.28602971784316
3835.6661168044484    72.0761910166988
3891.45716518188    72.06345045602137
3948.059713044477    72.45476544705153
4005.4855639240527    73.2170566955568
4063.746693038744    74.09261535731935
4122.855249790247    74.88272515320848
4182.823560297375    75.53429388141117
4243.664129966465    76.01205921431931
4305.389646099183    76.26356467431121
4368.012980538242    76.27576756926693
4431.5471923516225    76.13906828268173
4496.00553055582    75.95234402496753
4561.401436878714    75.7997419738532
4627.748548562617    75.73735721111028
4695.060701208099    75.75097113312763
4763.351931659176    75.79881436884033
4832.63648093046    75.8530798665214
4902.928797176889    75.9032225257576
4974.243538706657    75.93566802143431
5046.595577037959    75.92852387682527
5120.000000000202    75.87416454003187
5194.472114880326    75.83952510485393
5270.027451614888    75.88111359424447
5346.6817660285715    75.95320851726434
5424.451043119808    75.97472005273372
5503.351500394186    75.92347616405574
5583.399591246343    75.77425257517442
5664.612008391055    75.48314315973425
5747.005687344222    75.02377871166972
5830.597809954497    74.42562527715147
5915.405807986278    73.67946789970901
6001.447366754812    72.75804867201487
6088.740428814181    71.73467749573587
6177.303197698925    70.6996335789591
6267.154141720092    69.69192966364214
6358.3119978165005    68.79517946825383
6450.795775462017    68.11419115444711
6544.624760629676    67.72781963372792
6639.818519813445    67.6245878363764
6736.396904108505    67.72089607986432
6834.380053350861    67.94022817585397
6933.788400317181    68.18578632947421
7034.642674985712    68.40495721459762
7136.963908859177    68.6079477222965
7240.773439350552    68.76814664665727
7346.092914232631    68.81329239992033
7452.944296152315    68.69459346234636
7561.349867210557    68.36575240664169
7671.332233608935    67.7219108277764
7782.914330363799    66.64855223537367
7896.119426088994    65.20982344792824
8010.971127848146    63.84968681409028
8127.49338607753    63.18029143175491
8245.710499580537    63.577755824526655
8365.647120594791    64.79340102872274
8487.328259932974    66.08102480413373
8610.77929219841    66.99156975407884
8736.025961076528    67.30780162679136
8863.094384703289    66.76376186275087
8992.011061111683    65.05970203202473
9122.802873757471    62.545776880915845
9255.497097125279    59.19798506865436
9390.121402416245    54.462856442200994
9526.7038633184    48.85195851009206
9665.272961860968    47.237758584427084
9805.857594353829    51.274510816659514
9948.487077413367    55.1224442513694
10093.19115407597    57.54650772758194
10240.000000000457    59.04917139774051
10388.944229760706    59.421762210485724
10540.05490322983    58.448947729908994
10693.363532057198    56.796005106234766
10848.902086239672    56.189549809383216
11006.703000788428    57.28900765783771
11166.799182492743    58.813292530634094
11329.224016782166    59.46131658675691
11494.0113746885    58.99053248380941
11661.195619909053    57.88563436371708
11830.811615972614    56.72890128187834
12002.894733509682    56.00321112041841
12177.48085762842    55.94883525622113
12354.606395397908    56.45898130955977
12534.308283440243    57.11492653954033
12716.62399563306    57.35472269041961
12901.591550924093    57.03810762037853
13089.249521259411    57.05963939892172
13279.637039626952    58.37492183020779
13472.793808217073    60.03937562629639
13668.760106701786    60.839014309553534
13867.576800634426    60.78695473475536
14069.285349971487    60.16209800363841
14273.927817718419    58.8151051344952
14481.54687870117    57.28752786337511
14692.18582846533    57.38656791936352
14905.888592304698    58.47124774835208
15122.699734421185    59.2554562081442
15342.664467217943    59.43383098649065
15565.828660727671    58.75500662440961
15792.238852178061    57.24541390902058
16021.942255696367    55.69451585412347
16254.986772155136    55.34854759858819
16491.42099916115    56.47832743311006
16731.294241189662    58.250516734738625
16974.65651986603    60.40537655151786
17221.558584396902    61.804325985528465
17472.051922153143    61.50658580359318
17726.188769406665    59.978037954374344
17984.022122223458    58.01406663576607
18245.605747515034    57.483306647140566
18510.99419425065    58.952319827329795
18780.242804832582    60.51754379362918
19053.40772663689    61.0998985622811
19330.545923722028    60.84369643732979
19611.71518870775    60.47427239289052
19896.974154826825    60.24184496394206
20186.382308152035    60.23731644553402
