20.349260185484116    76.85284044437704
21.06504695091863    77.17806705145524
21.773097772839865    77.45825127188407
22.5258179055545    77.69978939294339
23.304560407897238    77.9453531493537
24.08044574093255    78.21205149135672
24.966873606194415    78.54195230837024
25.806074934292976    78.84306983262421
26.731235998940345    79.14418735687816
27.621206613380902    79.39659469338517
28.567274493005947    79.60693414047432
29.57314576922392    79.85491327809524
30.58607050141786    80.11114496818567
31.643464873465604    80.38488817205291
32.73741454142775    80.65058010521817
33.86918326241777    80.86393877882057
34.98598820620806    81.08373846898456
36.29628332616596    81.31621891050416
37.51629547717885    81.53098655647942
38.80128503647953    81.69724529647524
40.14268848429713    81.91462960542864
41.53046573669685    82.13402673205754
43.09917900404692    82.36952640009038
44.630515024093164    82.58046969248218
46.10216491410166    82.73988485238134
47.72545044909073    82.92305126085134
49.42116027546034    83.11406765825575
51.01924044753589    83.24027132650924
52.84830646901048    83.41417877367196
54.65656406409948    83.54188087286167
56.56551784277791    83.70201170126766
58.43071339489421    83.80265258504238
60.54418812261964    83.94958827535348
62.486923819019786    84.02652263983903
65.00323969512436    84.19313921408829
67.25047376905708    84.27566473878356
71.04167289039246    84.30912783263865
73.32754391422519    84.23943402062466
75.95050721614052    84.14307037441037
78.97170789813818    84.23943402062466
81.72709491460373    84.38938893744898
84.52637086500036    84.49707468308794
87.44854123134833    84.50110031843893
90.47173426745695    84.53531821892233
93.65729958386609    84.68386416337381
96.71567519767432    84.80785373218427
100.1829819175764    84.96539026225297
103.64641868856323    85.03047136709395
107.22959030909259    85.04254827314692
110.97472751469192    85.1040510354537
115.94804837908156    85.1421827480839
119.84536278556048    85.15325324529911
123.98854986543074    85.21967622859043
128.2749715167504    85.18545832810702
132.7095795174777    85.17539423972956
137.2974968340255    85.18948396345802
141.8247546083343    85.21967622859043
150.16760678506373    85.14721479227264
153.21394048480863    85.17539423972956
160.73000269154753    85.09488153270978
166.28661710716466    85.04254827314692
172.62102024329624    85.03812007426083
178.53354987627668    85.01034319033901
184.70565265921275    84.95800993077616
190.2495353609065    84.9033763081556
197.69736419620537    84.80704860511408
204.53198128963194    84.77283070463068
211.6028786744206    84.74263843949825
219.1438065261267    84.69075247275218
225.92733753931086    84.6528667711712
232.5133996708216    84.625559544707
242.41693537075489    84.55544639567728
250.7975576261774    84.5111644068164
259.4679072856718    84.48701059471047
268.52095326824815    84.43367092630987
279.53560667812053    84.31927578841928
289.10019668385576    84.25352374435312
299.09471104676624    84.2273571145717
308.90405375398353    84.17904949035983
319.39126804474944    84.12646462858754
330.8160551072145    84.07111214251144
342.6495125764246    84.03815225307522
354.4952861669363    83.97978054048588
366.75058128544447    83.98984462886335
379.4295555452628    83.96971645210841
392.5468560040959    83.97978054048588
406.1176360846725    83.91537037487007
419.6710410467314    83.88014606554891
434.54860203996077    83.82479357947281
449.5714290538777    83.77608339172585
465.2573412819218    83.85096020925425
479.6451289691032    83.92917255321632
501.26266368131803    83.86723048546449
516.6150199079168    83.81495313750374
534.6584921104256    83.77044750223448
555.5891342117246    83.82795657867716
572.2649692284698    83.80869103806886
590.5263755365758    83.82479357947281
622.0525897545499    83.89121656276413
643.5576375341813    83.88316529206216
666.949984845864    83.91581766768684
688.8237951417054    83.96367799908194
712.6371975296206    83.97575490513489
736.590780667516    84.03956122544807
763.0989795191999    84.11578950627286
789.131766423793    84.21125457316774
816.4129266036192    84.24144683830015
844.6372267410836    84.13074186614796
873.8372722303092    83.98581899351237
904.0467956700421    83.98984462886335
935.300695832371    84.2233314792207
967.6350779786383    84.53464727969717
998.3416609943249    84.74733501407441
1038.2591709159944    84.97760135615097
1076.1460896646406    85.22410442747652
1111.6310100970636    85.3746631896035
1148.6408562982074    85.5562193439331
1190.1879003093334    85.84767534334468
1232.095147096788    86.158454392441
1271.9361142798978    86.37322203841626
1326.521990271158    86.52820899942932
1371.9573640467513    86.626635783761
1419.3874513920753    86.74463721998686
1468.911032165388    86.82416029164952
1520.2669096071959    87.02047710893274
1573.364269666107    87.26894826865211
1626.0816404090258    87.3452116939125
1682.2970857693233    87.41364749487931
1740.455961409211    87.48610893119711
1809.688767486888    87.5195720250522
1866.9084701539098    87.71275220145777
1934.435694132517    88.0980055045474
2008.745250916623    88.38362433270005
2074.9817647899367    88.56739458647269
2151.8073275285064    88.83603865222868
2221.6168561183367    89.15674760185745
2297.000756359311    89.32683069543673
2373.684987840005    89.68372243899402
2433.6253849208133    90.13866715788613
2490.678083622715    90.61575287120867
2541.2045369890225    91.10303047085634
2596.7645257508716    91.5713740058224
2677.2155265189217    92.0335672645578
2775.1236420106525    92.43361477756231
2895.1140543925185    93.03101906364904
3001.8409846574755    93.4364452727753
3096.834525971009    93.94987033251223
3202.9057673379857    94.37276332613361
3309.5410165971666    94.5188938893745
3423.9555192659154    94.5188938893745
3542.325458158384    94.43032991165275
3656.305025253915    94.13696173544945
3761.147312539204    93.75724368096742
3856.4643940661435    93.28453344987757
3952.9755053014132    92.73654383772421
4020.724315671644    92.25608425858371
4083.321210800051    91.74093712150218
4140.491220651741    91.24756196227725
4198.461659824984    90.73721204065565
4270.4177805893805    90.19893986494677
4378.641076813246    89.78957747903289
4514.645545121805    90.01965931282253
4613.352143547725    90.54827555484924
4709.017688219569    91.05962709288555
4826.391201927348    91.55200063569578
4993.244897434985    91.8964161046137
5164.093759265986    92.14376903229112
5342.6222066362225    92.14779466764212
5520.495641600183    91.9726795298741
5718.4082508663405    91.6248814090293
5850.659788256918    91.12453183655877
5952.77137316843    90.53941915707706
6036.115293590066    89.9486236223582
6101.744246103013    89.52838403362492
6168.086763416912    88.91998992277742
6235.150603917425    88.42010425685687
6302.943610344946    87.93010296344991
6381.3243622002165    87.37367868675163
6460.679824070553    86.88025081087329
6551.13489976086    86.4034813974712
6663.412751075254    85.91465744265696
6840.729815218096    85.54977832737151
7044.4973390397045    85.75382771922474
7198.5157139060075    86.2836740164976
7321.888822440197    86.7857825679701
7458.890440732534    87.3452116939125
7669.214329115905    87.82224948300467
7897.6602487347    87.57584705256289
8045.4352643131415    87.08320992648565
8120.356456145605    86.51492440277107
8208.646765778114    85.9857546358836
8285.087825685927    85.50012882470931
8362.240724683246    84.9761252898556
8466.230028049324    84.41005386558408
8637.97786632414    83.88844893846033
8867.83919003401    83.36932169404666
9019.822311324186    82.90870993491343
9117.89225554374    82.41957846628767
9202.800446628858    81.91363917133435
9288.499324937666    81.43701033567466
9374.996253555832    80.90745397999555
9579.967824678204    80.54257566344727
9744.155895825259    81.18724761794687
9819.714194897622    81.7878220918725
9880.582461310072    82.49336860189244
9941.828024432236    83.1055187742951
10037.854349948888    84.16838901156
10003.453222967275    83.64766562402932
10143.510174106797    84.92195892848115
10378.102521524343    85.50440941696587
10624.683802405285    85.0541722952229
10756.80789491507    84.52998425208227
10873.763585817136    84.01225399898387
10975.022908748662    83.53696065187712
11077.225184908813    83.0336220451585
11197.664681219907    82.49965506281109
11235.78687797371    82.0048038372908
11389.577952642923    81.59839358396763
11635.00017060251    81.2276549327824
11911.445044717731    81.77121634604967
12078.2155228161    82.37795339675844
12304.213911051398    82.94547980066397
12643.349689449522    83.11849585714184
12967.770533628815    82.65929163265454
13149.330477333762    82.12879340610125
13312.850012478459    81.55257402604909
13457.596817134236    81.02364148410194
13603.917412333616    80.51139376295772
13751.828909450334    79.9871969337082
13901.34860590527    79.48737277054995
14052.493987189095    78.96607535723776
14183.354476789807    78.46421281681448
14334.402154276087    77.53200666242182
14271.271108758985    78.11241701641974
14515.861959067277    76.84115491953875
14601.327561857683    76.16843770542727
14673.688768009757    75.58834365134979
14764.644775430885    74.94625481286707
14856.164580777484    74.24881348830826
15031.61800810599    73.47166458379988
15202.309895216364    72.77373762704
15180.974459375504    72.40004045336667
15465.029314430794    73.9868117208814
15465.029314430794    74.52557591868874
15572.914861918478    75.23962298907037
15665.410791603565    76.71734985901521
15609.043701458515    76.03643520529913
15730.079613120535    77.53675116122835
15778.756362338818    78.22312198857193
15852.054063503636    78.96853546773002
15901.108262797052    79.65490629507362
15950.314260365894    80.27731424961814
15999.672525950069    80.9833659608999
16098.847747396672    81.7878220918725
16148.665650025066    82.33027645541823
16198.637714209659    82.83582916157991
16299.046236936294    83.46500241997819
16450.827207099606    84.15444838543712
16810.50222004941    84.58523609727459
17178.041039074848    83.94147310567766
17338.0074381214    83.42625567972493
17463.454920771506    82.82438964779084
17580.754458224623    82.3745584442791
17689.730139680945    81.95166545065774
17771.904965357247    81.37874086144345
17882.065508181433    80.88988176219361
18011.449470588406    80.29330496781792
18104.439342679336    79.7237893888572
18216.661125848    79.1309027602199
18357.91706881139    78.63273038553504
18386.299426066595    78.12902276224257
18500.26834100571    77.53379902863763
18614.943701177337    76.89281723987644
18730.329885537467    76.23904287655543
18846.431300185377    75.54848986137499
19021.9341845429    74.85769083514532
19169.434389528935    74.21683205190874
19437.822962537142    73.64584040665267
19770.961728545903    73.23770807598493
