20    61.65015202200981
20.290906698750476    61.72787786986479
20.586044732869844    61.80635752787116
20.885475648548283    61.885933681055945
21.189261887185914    61.965904628351105
21.49746679841394    62.04437241550495
21.810154653305165    62.11875498352187
22.12739065777668    62.186669384615826
22.449240966187475    62.24677975767056
22.77577269513385    62.29922917021846
23.107053937445478    62.345514603562066
23.44315377638505    62.38795211480329
23.784142300054445    62.42904288729727
24.130090616010463    62.471074897121206
24.481070866093134    62.51601768118718
24.837156241469714    62.56549069735599
25.1984209978975    62.62050857049449
25.56494047120865    62.68095512342652
25.936791093020236    62.745131933101426
26.3140504066728    62.80989724863947
26.69679708340074    62.87168516671204
27.08511093873791    62.928022117244446
27.47907294916184    62.97864202491732
27.878765268980047    63.02544004664273
28.284271247461966    63.07122534216411
28.695675446220072    63.11807108986182
29.11306365684382    63.16638667261487
29.536522918790062    63.215271237347594
29.966141537533712    63.263639413685326
30.402009102982383    63.311126216765075
30.844216508158908    63.358167856964826
31.29285596815558    63.40550963762286
31.74802103936409    63.45381762892055
32.20980663898519    63.503627424614784
32.67830906482211    63.55516413198173
33.153626015361866    63.607582286150794
33.63585661014871    63.65806510441532
34.125101410453844    63.70189460628306
34.62146244024586    63.73416575267484
35.12504320746613    63.752313835216434
35.635948725613716    63.75770433021596
36.15428553564419    63.75502919779087
36.68016172818701    63.7499958299393
37.21368696608603    63.74726273265889
37.754972507267915    63.75029645953854
38.30413122794313    63.762546089001205
38.86127764614443    63.78749162577474
39.4265279456077    63.826577594841154
40.000000000000206    63.877445765953155
40.58181339750116    63.935106977578364
41.1720894657399    63.99444509326859
41.77095129709678    64.0505056402818
42.37852377437204    64.09750991698981
42.9949335968281    64.1310134372653
43.62030930661056    64.15247640324161
44.25478131555359    64.16945106931641
44.89848193237519    64.18945350463981
45.55154539026795    64.2143174712078
46.21410787489121    64.24072277662191
46.88630755277036    64.2637255281471
47.56828460010916    64.27914829982873
48.260181232021196    64.28419416354059
48.962141732186545    64.27548730418745
49.674312482939705    64.24609775330114
50.39684199579528    64.18763446523728
51.129880942417586    64.09727073525323
51.873582186040764    63.980582990870275
52.628100813345895    63.847359188985784
53.393594166801776    63.708022094207074
54.17022187747612    63.57326734130687
54.95814589832399    63.45175518525529
55.75753053796041    63.348347005036736
56.56854249492426    63.26662263954999
57.39135089244048    63.2095918951911
58.226127313687975    63.17902549273262
59.073045837580466    63.17806133738018
59.932283075067765    63.2094750858527
60.804018205965114    63.26949217907372
61.68843301631817    63.34951668943544
62.58571193631152    63.442887104016506
63.49604207872855    63.545992786046476
64.41961327797075    63.65691930587423
65.35661812964459    63.77403625245423
66.3072520307241    63.89393956590393
67.27171322029778    64.01570473159111
68.25020282090806    64.13953594247354
69.2429248804921    64.26000300211271
70.25008641493265    64.37146081281769
71.27189745122783    64.47135167610745
72.30857107128878    64.56059178192066
73.36032345637442    64.6429627293288
74.42737393217246    64.71976784706261
75.50994501453623    64.79141095360133
76.60826245588666    64.85984674555674
77.72255529228926    64.9264483929225
78.85305589121582    64.99113647345436
80.00000000000082    65.05263433534243
81.16362679500274    65.11013059388998
82.34417893148023    65.16313241366414
83.541902594194    65.21041531066243
84.75704754874454    65.25262511526152
85.98986719365665    65.29187061931185
87.24061861322157    65.3295194055581
88.50956263110764    65.36691912666717
89.79696386475084    65.40422436731662
91.10309078053635    65.44114400504931
92.42821574978288    65.47610892791111
93.77261510554118    65.50525315498251
95.13656920021877    65.52773987814129
96.52036246404286    65.54552284007079
97.92428346437356    65.55935408149209
99.34862496587989    65.57155648649523
100.79368399159105    65.58427001836633
102.25976188483567    65.5993362437025
103.74716437208203    65.61650092843273
105.25620162669229    65.63450007093074
106.78718833360406    65.65149011022312
108.34044375495276    65.66663389274098
109.9162917966485    65.67951810393609
111.51506107592134    65.6899116395644
113.13708498984903    65.69818483547361
114.78270178488147    65.70549555827559
116.45225462737648    65.71299645785626
118.14609167516147    65.72064612968575
119.86456615013608    65.72795796673766
121.60803641193078    65.73583269931505
123.3768660326369    65.74479367956512
125.17142387262359    65.75502497695493
126.99208415745765    65.76807307747403
128.83922655594208    65.78331290661392
130.71323625928977    65.7998278151332
132.61450406144883    65.81626940629259
134.5434264405962    65.83299792439375
136.50040564181674    65.84928880085957
138.48584976098482    65.86427737118292
140.50017282986593    65.87927578740626
142.5437949024563    65.89488626759947
144.61714214257822    65.91050236382024
146.7206469127495    65.92429518856402
148.8547478643456    65.9363412273896
151.01989002907314    65.94660191789579
153.216524911774    65.95658475889206
155.4451105845792    65.96716485866449
157.70611178243232    65.97896940252996
160.00000000000236    65.99110737303258
162.3272535900062    66.0013645063813
164.6883578629612    66.0062971182085
167.08380518838874    66.00410616386709
169.51409509748981    65.99676731903536
171.97973438731407    65.988124986613
174.4812372264439    65.98156120363899
177.01912526221608    65.97827502570627
179.5939277295025    65.97813988479581
182.20618156107355    65.98041061166725
184.85643149956664    65.98362712324051
187.54523021108326    65.98643814602914
190.27313840043846    65.98798048459756
193.04072492808663    65.98713690020674
195.84856692874806    65.98346934330722
198.69724993176072    65.9772493607383
201.58736798318304    65.97031797614972
204.5195237696723    65.96257766291939
207.49432874416505    65.95607976179424
210.5124032533856    65.95358083319141
213.57437666720915    65.95651871572208
216.68088750990657    65.96462481630331
219.83258359329807    65.97689058047709
223.03012215184378    65.99078127747141
226.2741699796992    65.99965417014182
229.5654035697641    66.00052053039016
232.90450925475412    65.995225507446
236.2921833503241    65.9902656824163
239.72913230027333    65.98904134350342
243.21607282386276    65.98998034783286
246.75373206527502    65.99038229996953
250.34284774524843    65.99039836825874
253.9841683149166    65.99110141838536
257.67845311188546    65.99194031285889
261.42647251858085    65.99320707638414
265.22900812289896    65.99566802386234
269.08685288119375    65.9999080879937
273.0008112836349    66.00569549478848
276.97169952197106    66.01638914108091
281.00034565973334    66.03576297373543
285.0875898049141    66.0602014386053
289.23428428515797    66.08135527196761
293.44129382550057    66.08785622109036
297.7094957286928    66.07369795174085
302.0397800581479    66.04613389161379
306.4330498235497    66.0138562075181
310.89022116916016    65.98533854220759
315.41222356486645    65.97096961235819
320.00000000000654    65.97708501100286
324.6545071800142    65.99483727090092
329.3767157259242    66.01486396066007
334.16761037677935    66.0244868125695
339.02819019498156    66.01751822220092
343.95946877463007    65.99927791498075
348.9624744528898    65.97777341900613
354.03825052443415    65.95932237478553
359.187855459007    65.94674320387234
364.4123631221491    65.93947034791393
369.71286299913527    65.93594763617125
375.0904604221685    65.93558352203961
380.54627680087896    65.93736478388651
386.08144985617537    65.94173506213674
391.6971338574982    65.94950241927454
397.3944998635236    65.96100369620491
403.1747359663683    65.97486022453178
409.0390475393468    65.98769571505704
414.9886574883323    65.9975521092194
421.0248065067734    66.00327842652837
427.1487533344206    65.99876662869919
433.3617750198154    65.98494973755663
439.6651671865984    65.9719356815538
446.06024430368984    65.96461007084739
452.54833995940066    65.96186993508098
459.13080713953053    65.95788567085587
465.8090185095106    65.95126408623425
472.58436670065066    65.94721520681823
479.45826460054917    65.94426660819639
486.432145647728    65.94331276361126
493.50746413055253    65.94052726486457
500.6856954904994    65.93433355626709
507.9683366298358    65.9311902283503
515.3569062237735    65.93577377922873
522.8529450371643    65.94741248575939
530.4580162458005    65.95984042648188
538.1737057623901    65.9653910073407
546.0016225672724    65.96492945247248
553.9433990439449    65.97240892531289
562.0006913194694    65.99887448907718
570.1751796098309    66.03303075224227
578.4685685703187    66.06904550066278
586.8825876510039    66.10469621235056
595.4189914573883    66.13973986713147
604.0795601162986    66.17262766545758
612.8660996471021    66.19735162019303
621.780442338323    66.20847968550403
630.8244471297356    66.19746999504933
640.0000000000159    66.17849103934722
649.3090143600314    66.16492300457386
658.7534314518515    66.16392174015367
668.3352207535618    66.1689691543379
678.0563803899662    66.16653418446396
687.9189375492632    66.16625283844665
697.9249489057827    66.16808718142208
708.0765010488715    66.16522447364656
718.3757109180171    66.16969628328451
728.8247262443015    66.1759694937415
739.425725998274    66.18167399694313
750.1809208443404    66.1953302554645
761.0925536017613    66.20821872286596
772.1628997123541    66.21726477202053
783.3942677149998    66.2335397883338
794.7889997270506    66.24999506867245
806.34947193274    66.26562990517938
818.0780950786972    66.27953293302981
829.9773149766683    66.28796960801242
842.0496130135506    66.28956884490515
854.2975066688449    66.28184900689675
866.7235500396347    66.26999478617647
879.3303343732008    66.25941325941925
892.1204886073838    66.25693704310295
905.0966799188055    66.26827659550221
918.2616142790653    66.27943375643923
931.6180370190256    66.2859112724936
945.1687334013056    66.28807997434608
958.9165292011028    66.27996598181629
972.8642912954606    66.2764635909429
987.0149282611097    66.28895340502561
1001.3713909810035    66.31876883406413
1015.9366732596762    66.35974202860154
1030.7138124475518    66.40688008907988
1045.7058900743334    66.45230285527623
1060.916032491606    66.49035867185736
1076.3474115247852    66.50528402995872
1092.0032451345498    66.48526951607137
1107.8867980878947    66.4467154628439
1124.0013826389438    66.41167235217296
1140.350359219667    66.40620986486852
1156.9371371406426    66.43337940225399
1173.765175302013    66.47288708169572
1190.837982914782    66.52145742864268
1208.1591202326028    66.58396966129501
1225.73219929421    66.64617145592375
1243.5608846766518    66.71349250095025
1261.648894259477    66.76459562389944
1280.0000000000375    66.82893784990806
1298.6180287200684    66.92115052621203
1317.5068629037087    67.0066315891263
1336.6704415071292    67.0178451242684
1356.112760779938    66.94680867367921
1375.8378750985323    66.83159269975846
1395.8498978115715    66.75156509466993
1416.153002097749    66.75445838079003
1436.7514218360407    66.81776646292491
1457.6494524886093    66.87558636890877
1478.8514519965543    66.93403498065443
1500.3618416886875    66.93126777874305
1522.1851072035295    66.83988686438497
1544.3257994247153    66.76610232743957
1566.788535430007    66.79968089839885
1589.5779994541087    66.9174789284079
1612.6989438654878    67.0003441549635
1636.156190157402    67.05603127313837
1659.9546299533442    67.12802092654186
1684.099226027109    67.07358770297247
1708.5950133376978    66.9896447378115
1733.4471000792773    66.97656572432778
1758.6606687464096    67.07216321218623
1784.2409772147755    67.25113142694157
1810.193359837619    67.4057256532712
1836.5232285581387    67.45055704979826
1863.2360740380593    67.55639274922855
1890.3374668026197    67.673092881508
1917.833058402214    67.68578844487128
1945.7285825909298    67.71183958411159
1974.0298565222283    67.87026371105598
2002.7427819620161    68.07965427014211
2031.8733465193618    68.35668134342602
2061.4276248951132    68.54948102733057
2091.411780148677    68.6519770420524
2121.832064983222    68.80164831401102
2152.694823049581    69.04347399556063
2184.0064902691106    69.28072973491462
2215.7735961758003    69.45176305703818
2248.002765277899    69.57898862224664
2280.7007184393456    69.7460802768498
2313.874274281297    69.93513873547764
2347.530350604038    70.14521241572167
2381.6759658295764    70.40189785013615
2416.318240465218    70.74894389380977
2451.4643985884327    71.11467032318534
2487.1217693533167    71.44473704247268
2523.2977885189675    71.77154409829808
2560.0000000000887    72.05883209568051
2597.236057440151    72.24234288121922
2635.0137258074315    72.31606100247859
2673.340883014273    72.32000559940946
2712.225521559891    72.35694109111436
2751.6757501970797    72.46683279682597
2791.699795623158    72.6359601508228
2832.3060041955137    72.87343716256734
2873.502843672097    73.12185610311424
2915.2989049772345    73.26560269789933
2957.7029039931244    73.30117572979128
3000.723683377391    73.34164451498917
3044.370214407075    73.49742831090227
3088.6515988494466    73.75687136301102
3133.57707086003    74.01497526466628
3179.1559989082334    74.2477373878502
3225.3978877309914    74.49738511362835
3272.3123803148205    74.78595727925064
3319.9092599067053    75.10508525493262
3368.198452054235    75.40274856170412
3417.190026675413    75.64779666196334
3466.8942001585724    75.87030372053754
3517.3213374928373    76.01834858852169
3568.4819544295697    76.00366356344284
3620.386719675257    75.90250038039264
3673.0464571162966    75.89130252082953
3726.472148076138    75.99053182406692
3780.6749336052594    76.10362723616518
3835.6661168044484    76.11107220575954
3891.45716518188    75.99967420834713
3948.059713044477    75.76828825128709
4005.4855639240527    75.44728973418164
4063.746693038744    75.10912792320767
4122.855249790247    74.79760276232113
4182.823560297375    74.53196588474
4243.664129966465    74.31090500510396
4305.389646099183    74.14975402195958
4368.012980538242    73.99763008419856
4431.5471923516225    73.84057096011831
4496.00553055582    73.69289645286793
4561.401436878714    73.64160003146486
4627.748548562617    73.71150257457919
4695.060701208099    73.85357424395524
4763.351931659176    74.03974244385421
4832.63648093046    74.19196041382786
4902.928797176889    74.29993125306167
4974.243538706657    74.39831370572463
5046.595577037959    74.52061373359912
5120.000000000202    74.73681139479612
5194.472114880326    75.08569768150277
5270.027451614888    75.50029105161099
5346.6817660285715    75.93878375404888
5424.451043119808    76.39876405218062
5503.351500394186    76.87090946257298
5583.399591246343    77.2941377677047
5664.612008391055    77.62275594868336
5747.005687344222    77.80876450419285
5830.597809954497    77.80129782370553
5915.405807986278    77.58567926886823
6001.447366754812    77.16430667616723
6088.740428814181    76.59147524209904
6177.303197698925    75.84534334793196
6267.154141720092    75.02106552036055
6358.3119978165005    74.20629545051248
6450.795775462017    73.44388416708732
6544.624760629676    72.81072132651647
6639.818519813445    72.33966263093347
6736.396904108505    72.0018050635787
6834.380053350861    71.78201587187338
6933.788400317181    71.64626671923227
7034.642674985712    71.61532744618384
7136.963908859177    71.71614774491422
7240.773439350552    71.9627386332321
7346.092914232631    72.31282340447173
7452.944296152315    72.72427183222835
7561.349867210557    73.08689244985214
7671.332233608935    73.24873476092479
7782.914330363799    72.97024113119863
7896.119426088994    72.09188366833718
8010.971127848146    70.41524116927837
8127.49338607753    67.82970491802345
8245.710499580537    64.67035478538659
8365.647120594791    61.94790608413574
8487.328259932974    60.30078879069134
8610.77929219841    59.52279830616786
8736.025961076528    59.72905027213014
8863.094384703289    60.53265720369136
8992.011061111683    61.6251116522929
9122.802873757471    62.59131767912744
9255.497097125279    63.09957181070263
9390.121402416245    63.11830748628446
9526.7038633184    62.80346951538111
9665.272961860968    62.418916021472675
9805.857594353829    62.21502245895419
9948.487077413367    62.294994003129986
10093.19115407597    62.98078145112653
10240.000000000457    64.27484421963126
10388.944229760706    66.14626906856213
10540.05490322983    68.21618992089262
10693.363532057198    69.7559017754011
10848.902086239672    70.74969592817087
11006.703000788428    71.48612370857218
11166.799182492743    72.04932340373108
11329.224016782166    72.10673761980836
11494.0113746885    71.4632921848122
11661.195619909053    70.16301588830234
11830.811615972614    68.26397339682707
12002.894733509682    65.75702982308366
12177.48085762842    63.200291158052444
12354.606395397908    62.660578829131815
12534.308283440243    64.63843452831057
12716.62399563306    67.11765523586298
12901.591550924093    68.9991885978341
13089.249521259411    69.93159033018598
13279.637039626952    69.75948849617627
13472.793808217073    68.65018139779932
13668.760106701786    66.98230905724382
13867.576800634426    65.06792949740037
14069.285349971487    62.976554423591196
14273.927817718419    60.330948724157246
14481.54687870117    56.05711866549269
14692.18582846533    52.80753896956387
14905.888592304698    56.74773668303163
15122.699734421185    60.10524200248592
15342.664467217943    61.52804839622645
15565.828660727671    61.91800068766721
15792.238852178061    61.84402649130707
16021.942255696367    61.77841083188375
16254.986772155136    62.183242125781796
16491.42099916115    63.14990224772518
16731.294241189662    64.17226253967898
16974.65651986603    64.86068351006118
17221.558584396902    64.94404426886126
17472.051922153143    64.15856789416138
17726.188769406665    63.1477038064115
17984.022122223458    62.37012270369068
18245.605747515034    61.80190930668942
18510.99419425065    60.98484257902946
18780.242804832582    60.20006302695108
19053.40772663689    59.922531644946616
19330.545923722028    59.324345606310374
19611.71518870775    58.05644493942462
19896.974154826825    56.33438664462036
20186.382308152035    56.280852487342436
