20    66.54530467487963
20.290906698750476    66.66084997983573
20.586044732869844    66.77671303000878
20.885475648548283    66.89147433552911
21.189261887185914    67.00168254246374
21.49746679841394    67.10329418139682
21.810154653305165    67.19374463590161
22.12739065777668    67.27332812157778
22.449240966187475    67.34511587301571
22.77577269513385    67.41353072691422
23.107053937445478    67.48245550663373
23.44315377638505    67.55401226374752
23.784142300054445    67.62866951684103
24.130090616010463    67.70642778746175
24.481070866093134    67.78807051492414
24.837156241469714    67.8753842981104
25.1984209978975    67.97001838070204
25.56494047120865    68.071670490637
25.936791093020236    68.17695907807456
26.3140504066728    68.27999802012687
26.69679708340074    68.37448100793323
27.08511093873791    68.45598257632533
27.47907294916184    68.52306776262265
27.878765268980047    68.57670206785596
28.284271247461966    68.61874504292047
28.695675446220072    68.65093001379518
29.11306365684382    68.67514222046167
29.536522918790062    68.6944043772658
29.966141537533712    68.71320168376097
30.402009102982383    68.7363645748522
30.844216508158908    68.76727679422169
31.29285596815558    68.80699075998423
31.74802103936409    68.85505743796165
32.20980663898519    68.9109955111222
32.67830906482211    68.97470293518136
33.153626015361866    69.04541896220128
33.63585661014871    69.12070920120408
34.125101410453844    69.19700279157016
34.62146244024586    69.2712338568317
35.12504320746613    69.34167435215107
35.635948725613716    69.40702683840209
36.15428553564419    69.46519601356066
36.68016172818701    69.51362933334863
37.21368696608603    69.55090846451431
37.754972507267915    69.5773934485748
38.30413122794313    69.59411778408071
38.86127764614443    69.60180377286939
39.4265279456077    69.60163801952703
40.000000000000206    69.59633598023035
40.58181339750116    69.58929551988749
41.1720894657399    69.58276666617598
41.77095129709678    69.57793276258718
42.37852377437204    69.57658973707973
42.9949335968281    69.58091338829796
43.62030930661056    69.59060678357545
44.25478131555359    69.60141031604613
44.89848193237519    69.60754129210646
45.55154539026795    69.60525924870406
46.21410787489121    69.59380822364417
46.88630755277036    69.57373399241229
47.56828460010916    69.54525497223104
48.260181232021196    69.50834419418126
48.962141732186545    69.4634344708182
49.674312482939705    69.41117065823505
50.39684199579528    69.35190504823615
51.129880942417586    69.28588446982053
51.873582186040764    69.2131342915505
52.628100813345895    69.13307606980668
53.393594166801776    69.0453622362907
54.17022187747612    68.95108844892174
54.95814589832399    68.85281905304562
55.75753053796041    68.75429407725893
56.56854249492426    68.66089493132549
57.39135089244048    68.57903523013333
58.226127313687975    68.51287133632754
59.073045837580466    68.46330149082493
59.932283075067765    68.43137209601393
60.804018205965114    68.41844665915843
61.68843301631817    68.42473843780947
62.58571193631152    68.45098416575823
63.49604207872855    68.49630865253944
64.41961327797075    68.555211272015
65.35661812964459    68.62015753767555
66.3072520307241    68.68175324470909
67.27171322029778    68.72902468641334
68.25020282090806    68.75368251938335
69.2429248804921    68.75013868074424
70.25008641493265    68.71751047592241
71.27189745122783    68.6620116269266
72.30857107128878    68.59445835186492
73.36032345637442    68.52732636348142
74.42737393217246    68.47286388270312
75.50994501453623    68.44114894785439
76.60826245588666    68.4376675991393
77.72255529228926    68.46484889517903
78.85305589121582    68.51971066553322
80.00000000000082    68.5985062713019
81.16362679500274    68.69407839836549
82.34417893148023    68.79952189790954
83.541902594194    68.90582398034772
84.75704754874454    69.00740516994135
85.98986719365665    69.09967283033109
87.24061861322157    69.18136371128286
88.50956263110764    69.25373041963681
89.79696386475084    69.32011963648675
91.10309078053635    69.38442985511831
92.42821574978288    69.44891497362583
93.77261510554118    69.51691184609575
95.13656920021877    69.5889165938834
96.52036246404286    69.66510858494955
97.92428346437356    69.74231690425076
99.34862496587989    69.8187683916618
100.79368399159105    69.892414171736
102.25976188483567    69.96173141461666
103.74716437208203    70.0256091920143
105.25620162669229    70.08153955848131
106.78718833360406    70.12938722739949
108.34044375495276    70.16819897689763
109.9162917966485    70.19840697169352
111.51506107592134    70.22099556552948
113.13708498984903    70.23553113770721
114.78270178488147    70.24283012648226
116.45225462737648    70.24326388099686
118.14609167516147    70.2380929874638
119.86456615013608    70.22975572687271
121.60803641193078    70.21934747020573
123.3768660326369    70.20851184960866
125.17142387262359    70.19831581170314
126.99208415745765    70.18842907281403
128.83922655594208    70.17949472493379
130.71323625928977    70.17149698265261
132.61450406144883    70.16248441883494
134.5434264405962    70.15005432765332
136.50040564181674    70.13273574168666
138.48584976098482    70.11000914466626
140.50017282986593    70.0830564791504
142.5437949024563    70.05361134168945
144.61714214257822    70.0220887095316
146.7206469127495    69.98714604397345
148.8547478643456    69.9476950306217
151.01989002907314    69.90483981810792
153.216524911774    69.86050788345845
155.4451105845792    69.81604521475616
157.70611178243232    69.77083853642691
160.00000000000236    69.72228763965454
162.3272535900062    69.66875376259668
164.6883578629612    69.60996913164585
167.08380518838874    69.54652969790546
169.51409509748981    69.47885920345897
171.97973438731407    69.40769070892391
174.4812372264439    69.33368068689504
177.01912526221608    69.25778427593427
179.5939277295025    69.18029208922363
182.20618156107355    69.10094949872408
184.85643149956664    69.01690691552794
187.54523021108326    68.92623308853119
190.27313840043846    68.82902228865251
193.04072492808663    68.72536223073988
195.84856692874806    68.61447073327712
198.69724993176072    68.49534015589455
201.58736798318304    68.36785627649049
204.5195237696723    68.23415850335552
207.49432874416505    68.09859571284147
210.5124032533856    67.96393029778318
213.57437666720915    67.83035935734411
216.68088750990657    67.6966562679571
219.83258359329807    67.56180701744532
223.03012215184378    67.42523708341142
226.2741699796992    67.28629964196493
229.5654035697641    67.14460797831474
232.90450925475412    66.99978959030318
236.2921833503241    66.85219441638593
239.72913230027333    66.70266751064138
243.21607282386276    66.5515890247478
246.75373206527502    66.3984953716172
250.34284774524843    66.24192845393047
253.9841683149166    66.08015849018427
257.67845311188546    65.9118647105598
261.42647251858085    65.73475765158813
265.22900812289896    65.54904801382767
269.08685288119375    65.3620892087639
273.0008112836349    65.18023681838008
276.97169952197106    65.00363153264114
281.00034565973334    64.8317896048583
285.0875898049141    64.66278333111678
289.23428428515797    64.49493076677591
293.44129382550057    64.32636983964353
297.7094957286928    64.15613653278248
302.0397800581479    63.985436485337786
306.4330498235497    63.81419146543959
310.89022116916016    63.64182268021405
315.41222356486645    63.46601219856736
320.00000000000654    63.28572646731834
324.6545071800142    63.10528165496231
329.3767157259242    62.92875539542137
334.16761037677935    62.75780661089508
339.02819019498156    62.59735527111708
343.95946877463007    62.45789601899185
348.9624744528898    62.35124591404077
354.03825052443415    62.28318024896811
359.187855459007    62.25415568823381
364.4123631221491    62.26087255194204
369.71286299913527    62.29733766440641
375.0904604221685    62.357686816357585
380.54627680087896    62.43673958242815
386.08144985617537    62.5296238362623
391.6971338574982    62.635494373048516
397.3944998635236    62.75321561638333
403.1747359663683    62.88049021844385
409.0390475393468    63.01724204947611
414.9886574883323    63.16117493787393
421.0248065067734    63.31195075722459
427.1487533344206    63.4657778548306
433.3617750198154    63.62210953548992
439.6651671865984    63.77543102050853
446.06024430368984    63.92450865100724
452.54833995940066    64.06674721992577
459.13080713953053    64.20472139278806
465.8090185095106    64.34178709087232
472.58436670065066    64.47816746960822
479.45826460054917    64.61538003063653
486.432145647728    64.75387435938993
493.50746413055253    64.89228334663215
500.6856954904994    65.02840676241027
507.9683366298358    65.1609938056242
515.3569062237735    65.29105146920575
522.8529450371643    65.41885126647651
530.4580162458005    65.54530519953916
538.1737057623901    65.67329616374114
546.0016225672724    65.79941549783386
553.9433990439449    65.920984749044
562.0006913194694    66.0370124188407
570.1751796098309    66.14690642773012
578.4685685703187    66.25110879526652
586.8825876510039    66.35025954542404
595.4189914573883    66.44473765676388
604.0795601162986    66.53492378880416
612.8660996471021    66.6204942769372
621.780442338323    66.70104963296711
630.8244471297356    66.77657432248138
640.0000000000159    66.84721761436599
649.3090143600314    66.91385135025702
658.7534314518515    66.97647040587536
668.3352207535618    67.03374870741173
678.0563803899662    67.0852298785427
687.9189375492632    67.13108852479687
697.9249489057827    67.17272088388277
708.0765010488715    67.21219240991628
718.3757109180171    67.25135110880366
728.8247262443015    67.2898416243554
739.425725998274    67.32385370924247
750.1809208443404    67.34866269703865
761.0925536017613    67.36124355881533
772.1628997123541    67.36418238097279
783.3942677149998    67.368551358882
794.7889997270506    67.38371056313082
806.34947193274    67.39988180818817
818.0780950786972    67.4088137635502
829.9773149766683    67.40815115394528
842.0496130135506    67.40334837747825
854.2975066688449    67.39640946961245
866.7235500396347    67.3853113027132
879.3303343732008    67.36809885663094
892.1204886073838    67.34443894964117
905.0966799188055    67.31439130137213
918.2616142790653    67.2782794197705
931.6180370190256    67.23683091434893
945.1687334013056    67.19075147029491
958.9165292011028    67.14161142015882
972.8642912954606    67.09108990419898
987.0149282611097    67.03975800260054
1001.3713909810035    66.98671714888788
1015.9366732596762    66.93133976036539
1030.7138124475518    66.87605440444058
1045.7058900743334    66.82608124927883
1060.916032491606    66.78083392390943
1076.3474115247852    66.7383735140284
1092.0032451345498    66.70104486365382
1107.8867980878947    66.66949971217926
1124.0013826389438    66.64543398856246
1140.350359219667    66.6338379832131
1156.9371371406426    66.64561203841664
1173.765175302013    66.693938432789
1190.837982914782    66.78421409857155
1208.1591202326028    66.90751375491914
1225.73219929421    67.04617188908807
1243.5608846766518    67.18013453383817
1261.648894259477    67.29134292155932
1280.0000000000375    67.3706584704334
1298.6180287200684    67.41732251514628
1317.5068629037087    67.43780611938456
1336.6704415071292    67.43930284679037
1356.112760779938    67.42926505289076
1375.8378750985323    67.41398789517986
1395.8498978115715    67.40007303802432
1416.153002097749    67.38913098982289
1436.7514218360407    67.38820582618735
1457.6494524886093    67.39188100146322
1478.8514519965543    67.38319465685389
1500.3618416886875    67.35166050919878
1522.1851072035295    67.30365331957692
1544.3257994247153    67.2527583785427
1566.788535430007    67.2104871763827
1589.5779994541087    67.17917424385884
1612.6989438654878    67.15689823135342
1636.156190157402    67.14603324770025
1659.9546299533442    67.14927068332442
1684.099226027109    67.1651028409725
1708.5950133376978    67.19167464421797
1733.4471000792773    67.23142932612329
1758.6606687464096    67.29119925287218
1784.2409772147755    67.37860587702298
1810.193359837619    67.49583774387807
1836.5232285581387    67.63882538666735
1863.2360740380593    67.79726268194106
1890.3374668026197    67.96144410605088
1917.833058402214    68.12673217975524
1945.7285825909298    68.29244445813161
1974.0298565222283    68.45791714639971
2002.7427819620161    68.62169657907889
2031.8733465193618    68.7799913587711
2061.4276248951132    68.92355521023086
2091.411780148677    69.04490158430448
2121.832064983222    69.1489841378794
2152.694823049581    69.25830195646125
2184.0064902691106    69.39695698683778
2215.7735961758003    69.5657831087168
2248.002765277899    69.75248345830276
2280.7007184393456    69.95720467525689
2313.874274281297    70.17407370075554
2347.530350604038    70.38823317930125
2381.6759658295764    70.59791979878491
2416.318240465218    70.80346761409112
2451.4643985884327    71.00093241705709
2487.1217693533167    71.19314267648019
2523.2977885189675    71.38377943281533
2560.0000000000887    71.5746499922419
2597.236057440151    71.75780434181284
2635.0137258074315    71.90913484697018
2673.340883014273    72.018453171084
2712.225521559891    72.11035667676956
2751.6757501970797    72.20141313954271
2791.699795623158    72.28239499242267
2832.3060041955137    72.33156904089027
2873.502843672097    72.3373286969697
2915.2989049772345    72.2956091819658
2957.7029039931244    72.22153799980117
3000.723683377391    72.12951552282784
3044.370214407075    72.03284453951777
3088.6515988494466    71.93676304133614
3133.57707086003    71.84576564365031
3179.1559989082334    71.76810877850811
3225.3978877309914    71.70667941216328
3272.3123803148205    71.65639799043569
3319.9092599067053    71.62956706695823
3368.198452054235    71.66213227858513
3417.190026675413    71.7858364332157
3466.8942001585724    71.95220895339618
3517.3213374928373    72.15917938890576
3568.4819544295697    72.4272699941654
3620.386719675257    72.76687219448621
3673.0464571162966    73.17143881132472
3726.472148076138    73.62669673328702
3780.6749336052594    74.10883794970718
3835.6661168044484    74.58302144515051
3891.45716518188    75.00686751007527
3948.059713044477    75.33665267360145
4005.4855639240527    75.53016572125007
4063.746693038744    75.54957185671726
4122.855249790247    75.36401219291469
4182.823560297375    74.97356839082126
4243.664129966465    74.4064959851744
4305.389646099183    73.70787996026212
4368.012980538242    72.96002108120561
4431.5471923516225    72.2429470040854
4496.00553055582    71.62166328865653
4561.401436878714    71.12047930320234
4627.748548562617    70.7235958489433
4695.060701208099    70.40355676250732
4763.351931659176    70.17976802772202
4832.63648093046    70.10722571883926
4902.928797176889    70.20144291233098
4974.243538706657    70.42569657989661
5046.595577037959    70.74797334350569
5120.000000000202    71.14820228124633
5194.472114880326    71.53481854752678
5270.027451614888    71.84088095438716
5346.6817660285715    72.03841414598172
5424.451043119808    72.14915273196893
5503.351500394186    72.21423904569103
5583.399591246343    72.24954536684999
5664.612008391055    72.24781227738012
5747.005687344222    72.18844266448795
5830.597809954497    72.05054507941809
5915.405807986278    71.8235857200343
6001.447366754812    71.50136352043137
6088.740428814181    71.01301677158351
6177.303197698925    70.33598227707185
6267.154141720092    69.51905521051255
6358.3119978165005    68.65264944425101
6450.795775462017    67.78746537537891
6544.624760629676    66.94246225471045
6639.818519813445    66.16551274337365
6736.396904108505    65.49531093059444
6834.380053350861    64.91142436133605
6933.788400317181    64.3125552591448
7034.642674985712    63.79189606291791
7136.963908859177    63.52392782586441
7240.773439350552    63.580580670504034
7346.092914232631    63.842032740805074
7452.944296152315    64.1449640366574
7561.349867210557    64.46705900172842
7671.332233608935    64.81161525350677
7782.914330363799    65.1265665025093
7896.119426088994    65.33794131479084
8010.971127848146    65.43251181827594
8127.49338607753    65.41527996793582
8245.710499580537    65.08830472628372
8365.647120594791    64.4433067272152
8487.328259932974    63.26539336470949
8610.77929219841    61.182844916516544
8736.025961076528    58.69757550810989
8863.094384703289    56.93938176702955
8992.011061111683    57.47191867722875
9122.802873757471    58.474049589225814
9255.497097125279    58.356002720344755
9390.121402416245    56.93051187618745
9526.7038633184    54.42749441675038
9665.272961860968    50.926312448181505
9805.857594353829    46.59567772981202
9948.487077413367    43.50889320592764
10093.19115407597    45.12865807173243
10240.000000000457    48.54395037078646
10388.944229760706    51.136805638134774
10540.05490322983    53.32415946453138
10693.363532057198    55.90811927450828
10848.902086239672    58.95091998647108
11006.703000788428    61.89350910250249
11166.799182492743    64.01391831423335
11329.224016782166    64.130805751105
11494.0113746885    62.295662664429365
11661.195619909053    60.63956122057317
11830.811615972614    59.961063860678614
12002.894733509682    59.94400820443708
12177.48085762842    60.396585993971584
12354.606395397908    61.671506448540164
12534.308283440243    63.24841337428901
12716.62399563306    64.63659519710873
12901.591550924093    65.51843627948863
13089.249521259411    65.65943441401467
13279.637039626952    65.50133736534502
13472.793808217073    65.4191011864688
13668.760106701786    65.5667268253842
13867.576800634426    65.93603516656471
14069.285349971487    66.8167082876555
14273.927817718419    68.1704984010257
14481.54687870117    68.96631963153332
14692.18582846533    68.56752802089619
14905.888592304698    66.92163332075974
15122.699734421185    64.6928601264796
15342.664467217943    62.60236369607543
15565.828660727671    61.19807549051413
15792.238852178061    59.262606035032135
16021.942255696367    55.998264260772245
16254.986772155136    52.89379595846669
16491.42099916115    52.37946397776755
16731.294241189662    53.14195389205155
16974.65651986603    52.260109579475404
17221.558584396902    53.73431505670313
17472.051922153143    56.575963951878535
17726.188769406665    54.897221815774316
17984.022122223458    54.740571525568896
18245.605747515034    55.6544275544342
18510.99419425065    55.22727333575526
18780.242804832582    54.75268974897069
19053.40772663689    56.480803164976166
19330.545923722028    57.74618764485459
19611.71518870775    57.733914295550825
19896.974154826825    57.01344765028068
20186.382308152035    56.985984788162376
