20    56.27027182991758
20.290906698750476    56.40678063439697
20.586044732869844    56.546940941193704
20.885475648548283    56.69572845258946
21.189261887185914    56.8584144363547
21.49746679841394    57.03876098415696
21.810154653305165    57.23702806200733
22.12739065777668    57.4483003321889
22.449240966187475    57.662205031259475
22.77577269513385    57.86494443446013
23.107053937445478    58.043502795973744
23.44315377638505    58.190583251908585
23.784142300054445    58.30805498231786
24.130090616010463    58.40695312426622
24.481070866093134    58.50338751465444
24.837156241469714    58.61168529016693
25.1984209978975    58.73805082428957
25.56494047120865    58.87841630317891
25.936791093020236    59.021663646979
26.3140504066728    59.155828151910704
26.69679708340074    59.27342992984196
27.08511093873791    59.373407465308
27.47907294916184    59.459569119123934
27.878765268980047    59.537428044320286
28.284271247461966    59.6117342747066
28.695675446220072    59.68580875061916
29.11306365684382    59.76206462264808
29.536522918790062    59.84251810915431
29.966141537533712    59.92871302485572
30.402009102982383    60.02127389841359
30.844216508158908    60.119544807429975
31.29285596815558    60.221469349499756
31.74802103936409    60.32375154906769
32.20980663898519    60.42250134332108
32.67830906482211    60.51438254085047
33.153626015361866    60.59759561986707
33.63585661014871    60.6718162069426
34.125101410453844    60.73709373648155
34.62146244024586    60.792855037525094
35.12504320746613    60.83817948119962
35.635948725613716    60.873153278309
36.15428553564419    60.899869744291124
36.68016172818701    60.92222076747096
37.21368696608603    60.94506677170403
37.754972507267915    60.97379513941386
38.30413122794313    61.01433515501096
38.86127764614443    61.07267656956852
39.4265279456077    61.153464245670506
40.000000000000206    61.258696450911096
40.58181339750116    61.38797379782364
41.1720894657399    61.54017943127138
41.77095129709678    61.714675422270275
42.37852377437204    61.91062108004272
42.9949335968281    62.125003202252785
43.62030930661056    62.35138907284933
44.25478131555359    62.58081825442082
44.89848193237519    62.80452016971154
45.55154539026795    63.01654012289489
46.21410787489121    63.214195033800216
46.88630755277036    63.3964054055789
47.56828460010916    63.56237294473074
48.260181232021196    63.712104585992535
48.962141732186545    63.847307606528574
49.674312482939705    63.97102964918687
50.39684199579528    64.08644279050279
51.129880942417586    64.19570381370525
51.873582186040764    64.29948831807593
52.628100813345895    64.39758388166607
53.393594166801776    64.48974011225583
54.17022187747612    64.5757082050322
54.95814589832399    64.65472734121276
55.75753053796041    64.72497607347323
56.56854249492426    64.7838211495823
57.39135089244048    64.8294118694279
58.226127313687975    64.86161520328115
59.073045837580466    64.88100197557064
59.932283075067765    64.88813151725815
60.804018205965114    64.88392601443603
61.68843301631817    64.86977967153909
62.58571193631152    64.84737166530465
63.49604207872855    64.81864473140323
64.41961327797075    64.78606996048457
65.35661812964459    64.7515767516997
66.3072520307241    64.71504428242092
67.27171322029778    64.67638682102775
68.25020282090806    64.6371400748791
69.2429248804921    64.59864839071525
70.25008641493265    64.56153866882461
71.27189745122783    64.52573832696679
72.30857107128878    64.49099202612693
73.36032345637442    64.45733076537644
74.42737393217246    64.42458203038743
75.50994501453623    64.39264935706613
76.60826245588666    64.36135047213013
77.72255529228926    64.33002013242326
78.85305589121582    64.29713603753927
80.00000000000082    64.26194300043889
81.16362679500274    64.22583719399456
82.34417893148023    64.18896649005914
83.541902594194    64.14893950481176
84.75704754874454    64.10741234931893
85.98986719365665    64.06835923559382
87.24061861322157    64.03361284120614
88.50956263110764    64.00319354577243
89.79696386475084    63.97634803968171
91.10309078053635    63.95204938470954
92.42821574978288    63.92987264731001
93.77261510554118    63.90967067855042
95.13656920021877    63.89114690554207
96.52036246404286    63.87349624987814
97.92428346437356    63.85622988362197
99.34862496587989    63.839234665018054
100.79368399159105    63.822892452728
102.25976188483567    63.807624607613654
103.74716437208203    63.79395309642612
105.25620162669229    63.78154660301799
106.78718833360406    63.769171203946776
108.34044375495276    63.75579230258245
109.9162917966485    63.74098632138592
111.51506107592134    63.72491004002907
113.13708498984903    63.708490194282874
114.78270178488147    63.69315884718012
116.45225462737648    63.68046753592111
118.14609167516147    63.671294396329905
119.86456615013608    63.66509850422239
121.60803641193078    63.65979887087193
123.3768660326369    63.65291020105643
125.17142387262359    63.64335896449766
126.99208415745765    63.63176018373262
128.83922655594208    63.61915029095701
130.71323625928977    63.60636340160953
132.61450406144883    63.59397076803799
134.5434264405962    63.5821387025842
136.50040564181674    63.571328976672994
138.48584976098482    63.56164131216096
140.50017282986593    63.55231852728291
142.5437949024563    63.54211686118317
144.61714214257822    63.530105851485075
146.7206469127495    63.51627121457454
148.8547478643456    63.501890487360605
151.01989002907314    63.488558693246304
153.216524911774    63.47775030522477
155.4451105845792    63.470027507850716
157.70611178243232    63.464225968449234
160.00000000000236    63.458831205393366
162.3272535900062    63.45360112321798
164.6883578629612    63.44918255720089
167.08380518838874    63.4461268390095
169.51409509748981    63.44496881696205
171.97973438731407    63.44568397033276
174.4812372264439    63.4468658816254
177.01912526221608    63.44702876238807
179.5939277295025    63.446801736157376
182.20618156107355    63.447799157254906
184.85643149956664    63.450335127017425
187.54523021108326    63.45275291874965
190.27313840043846    63.45288768554214
193.04072492808663    63.45041584486724
195.84856692874806    63.44676522954408
198.69724993176072    63.44511015386898
201.58736798318304    63.44789657428796
204.5195237696723    63.4562293200558
207.49432874416505    63.46960634057764
210.5124032533856    63.48654255081598
213.57437666720915    63.50549537145893
216.68088750990657    63.523684572634885
219.83258359329807    63.53670245316417
223.03012215184378    63.542163760017075
226.2741699796992    63.54144105303898
229.5654035697641    63.538957663919156
232.90450925475412    63.53827000176117
236.2921833503241    63.54008896979003
239.72913230027333    63.54487907374889
243.21607282386276    63.55390178292076
246.75373206527502    63.567650684118966
250.34284774524843    63.58646157228844
253.9841683149166    63.6096657976324
257.67845311188546    63.635128846473826
261.42647251858085    63.660545700808086
265.22900812289896    63.68633005333703
269.08685288119375    63.71380825957397
273.0008112836349    63.74281495295608
276.97169952197106    63.77247717441622
281.00034565973334    63.80163361583238
285.0875898049141    63.82910132932511
289.23428428515797    63.85456199867484
293.44129382550057    63.87858434763552
297.7094957286928    63.89942867478053
302.0397800581479    63.91515451990525
306.4330498235497    63.92366988068118
310.89022116916016    63.92108461595445
315.41222356486645    63.90575660018798
320.00000000000654    63.88010814612462
324.6545071800142    63.84936668221199
329.3767157259242    63.82063425579295
334.16761037677935    63.79925333898978
339.02819019498156    63.78705665987926
343.95946877463007    63.78393214886692
348.9624744528898    63.78928605541835
354.03825052443415    63.802283801377875
359.187855459007    63.82219073210953
364.4123631221491    63.847056025480136
369.71286299913527    63.874589506030944
375.0904604221685    63.903344197009545
380.54627680087896    63.93301881386245
386.08144985617537    63.964996592087104
391.6971338574982    64.00120278821204
397.3944998635236    64.04211023074656
403.1747359663683    64.0860505682865
409.0390475393468    64.12996383064802
414.9886574883323    64.17162339392046
421.0248065067734    64.20981473411038
427.1487533344206    64.24361356402308
433.3617750198154    64.27361383677973
439.6651671865984    64.30143410153163
446.06024430368984    64.32909880721547
452.54833995940066    64.35812287865706
459.13080713953053    64.38774904873863
465.8090185095106    64.41627471659882
472.58436670065066    64.44265084249945
479.45826460054917    64.46614518752331
486.432145647728    64.48514283535184
493.50746413055253    64.49471502304213
500.6856954904994    64.48485809058853
507.9683366298358    64.43912991369704
515.3569062237735    64.33829215076429
522.8529450371643    64.1692893682636
530.4580162458005    63.930526548626226
538.1737057623901    63.635368447144884
546.0016225672724    63.31921878854769
553.9433990439449    63.03178020716125
562.0006913194694    62.8189275949493
570.1751796098309    62.70825528448414
578.4685685703187    62.702603184543094
586.8825876510039    62.78345118408959
595.4189914573883    62.92162187506036
604.0795601162986    63.089165430247725
612.8660996471021    63.26655421605062
621.780442338323    63.442092196649284
630.8244471297356    63.607836030052134
640.0000000000159    63.75956912830807
649.3090143600314    63.8944420601179
658.7534314518515    64.01327123953737
668.3352207535618    64.11999470955443
678.0563803899662    64.22060400733885
687.9189375492632    64.3186078927307
697.9249489057827    64.41498436727517
708.0765010488715    64.51442138111906
718.3757109180171    64.62287824964534
728.8247262443015    64.74269160100931
739.425725998274    64.87173882337163
750.1809208443404    65.00293313700874
761.0925536017613    65.1245855632845
772.1628997123541    65.22780508232559
783.3942677149998    65.31101774252635
794.7889997270506    65.37949200318381
806.34947193274    65.43651493635343
818.0780950786972    65.48538522497681
829.9773149766683    65.53822607325422
842.0496130135506    65.61902895082603
854.2975066688449    65.73115481877417
866.7235500396347    65.85771082608935
879.3303343732008    65.9846694791911
892.1204886073838    66.10864355856027
905.0966799188055    66.22443686395313
918.2616142790653    66.31621637698237
931.6180370190256    66.36445263482388
945.1687334013056    66.34773728824557
958.9165292011028    66.24965786540656
972.8642912954606    66.08886899401092
987.0149282611097    65.90619636558235
1001.3713909810035    65.74119932779098
1015.9366732596762    65.61658446893797
1030.7138124475518    65.52743685908348
1045.7058900743334    65.43097842899927
1060.916032491606    65.27221186115186
1076.3474115247852    65.01402409860032
1092.0032451345498    64.68600271433907
1107.8867980878947    64.37504050033597
1124.0013826389438    64.16105801321969
1140.350359219667    64.0900510287348
1156.9371371406426    64.15699537217955
1173.765175302013    64.30871729169374
1190.837982914782    64.48792016720991
1208.1591202326028    64.6546920280098
1225.73219929421    64.78087691006115
1243.5608846766518    64.86779353690294
1261.648894259477    64.93280999982142
1280.0000000000375    64.97145019469761
1298.6180287200684    64.96896209645973
1317.5068629037087    64.92040486769764
1336.6704415071292    64.85570118653591
1356.112760779938    64.79939988272204
1375.8378750985323    64.75781624495832
1395.8498978115715    64.73013008862856
1416.153002097749    64.6924294454676
1436.7514218360407    64.63114491500907
1457.6494524886093    64.56590131973206
1478.8514519965543    64.49517486714079
1500.3618416886875    64.41614462229857
1522.1851072035295    64.34186200475207
1544.3257994247153    64.28123824331611
1566.788535430007    64.23147317520866
1589.5779994541087    64.19333247307972
1612.6989438654878    64.23090651442185
1636.156190157402    64.37088648315346
1659.9546299533442    64.52885683810827
1684.099226027109    64.60405830623094
1708.5950133376978    64.6031650237007
1733.4471000792773    64.60922535212862
1758.6606687464096    64.70905612927058
1784.2409772147755    64.87635028536822
1810.193359837619    65.02488536952063
1836.5232285581387    65.1556003800111
1863.2360740380593    65.29645886831335
1890.3374668026197    65.47848186424676
1917.833058402214    65.70273370997937
1945.7285825909298    65.9233692442003
1974.0298565222283    66.08936096622082
2002.7427819620161    66.17538074417475
2031.8733465193618    66.19208221347051
2061.4276248951132    66.19347817309044
2091.411780148677    66.26160979269106
2121.832064983222    66.45724653520791
2152.694823049581    66.77087841630588
2184.0064902691106    67.0822822821738
2215.7735961758003    67.2925628748826
2248.002765277899    67.41592276868911
2280.7007184393456    67.54374401302962
2313.874274281297    67.68759302661994
2347.530350604038    67.78334546858672
2381.6759658295764    67.86767552388994
2416.318240465218    68.08446539839319
2451.4643985884327    68.51113597939595
2487.1217693533167    69.0714460719588
2523.2977885189675    69.66830183593905
2560.0000000000887    70.23589553894418
2597.236057440151    70.71424864347442
2635.0137258074315    71.06549618688096
2673.340883014273    71.25424198963796
2712.225521559891    71.24070857656554
2751.6757501970797    71.1103538042485
2791.699795623158    70.96961358720803
2832.3060041955137    70.9035764187304
2873.502843672097    70.90584679116459
2915.2989049772345    71.0069070689481
2957.7029039931244    71.32348640745465
3000.723683377391    71.7640774200698
3044.370214407075    72.08300413511476
3088.6515988494466    72.10641446325698
3133.57707086003    71.93529904725794
3179.1559989082334    71.80934371966427
3225.3978877309914    71.75127069757399
3272.3123803148205    71.77466451624021
3319.9092599067053    71.9359089652932
3368.198452054235    72.14558659644689
3417.190026675413    72.28610350994914
3466.8942001585724    72.32707471911802
3517.3213374928373    72.19852938793532
3568.4819544295697    71.88767886100237
3620.386719675257    71.43249712997806
3673.0464571162966    70.90373890599717
3726.472148076138    70.48956662583234
3780.6749336052594    70.2295100052112
3835.6661168044484    70.11045770467956
3891.45716518188    70.30605635582131
3948.059713044477    70.84567830513848
4005.4855639240527    71.34535746301344
4063.746693038744    71.46954363172875
4122.855249790247    71.15925220656581
4182.823560297375    70.68186376281238
4243.664129966465    70.53689967273598
4305.389646099183    70.86920949903227
4368.012980538242    71.31456675388526
4431.5471923516225    71.50848996952546
4496.00553055582    71.38564501860917
4561.401436878714    71.09706711872484
4627.748548562617    70.7435886038231
4695.060701208099    70.30297048941567
4763.351931659176    69.98934290968535
4832.63648093046    69.92947124014117
4902.928797176889    69.87297820315568
4974.243538706657    69.57475045582471
5046.595577037959    69.1639284142036
5120.000000000202    68.7646692633324
5194.472114880326    68.4557094736036
5270.027451614888    68.03608736239042
5346.6817660285715    67.37603534106725
5424.451043119808    66.68752734071052
5503.351500394186    66.29827004960673
5583.399591246343    66.11326748406479
5664.612008391055    66.01097469781367
5747.005687344222    65.78247458341588
5830.597809954497    65.65863324167398
5915.405807986278    65.64641787130797
6001.447366754812    65.41079725866096
6088.740428814181    64.94120637441159
6177.303197698925    65.38892472674466
6267.154141720092    66.02227910496327
6358.3119978165005    66.44225841624637
6450.795775462017    66.60939742054477
6544.624760629676    66.62934303321752
6639.818519813445    66.88386806839708
6736.396904108505    67.08226982000313
6834.380053350861    67.6007173329988
6933.788400317181    68.17331751800172
7034.642674985712    68.71864547587836
7136.963908859177    69.48049394402308
7240.773439350552    70.06120672211692
7346.092914232631    69.6978687006786
7452.944296152315    68.51375721015621
7561.349867210557    67.31329146256482
7671.332233608935    67.03879145814913
7782.914330363799    67.39496903089966
7896.119426088994    67.26307150326105
8010.971127848146    66.38191993606644
8127.49338607753    65.423508512188
8245.710499580537    64.89295465742617
8365.647120594791    64.81645840289161
8487.328259932974    64.5565572493791
8610.77929219841    64.37781197690839
8736.025961076528    64.97179371318384
8863.094384703289    65.92854475781624
8992.011061111683    66.74075693841587
9122.802873757471    67.40949168624142
9255.497097125279    67.48111480729095
9390.121402416245    66.97992873669972
9526.7038633184    66.2798670019681
9665.272961860968    65.30810326152324
9805.857594353829    63.83626383103002
9948.487077413367    62.09116426637649
10093.19115407597    60.71304885359515
10240.000000000457    59.86941613154685
10388.944229760706    59.59865176005297
10540.05490322983    58.8208136545432
10693.363532057198    57.60389608838128
10848.902086239672    56.65598069330093
11006.703000788428    56.20184685420925
11166.799182492743    56.44614489629448
11329.224016782166    57.64194617102604
11494.0113746885    57.70962601569024
11661.195619909053    56.983796331515954
11830.811615972614    56.8244674833688
12002.894733509682    58.65296080435693
12177.48085762842    60.17393654159532
12354.606395397908    59.99590661548224
12534.308283440243    60.10010464483928
12716.62399563306    61.6501788355961
12901.591550924093    63.72506815039953
13089.249521259411    64.55366295504838
13279.637039626952    64.00727766483625
13472.793808217073    64.60985971699401
13668.760106701786    64.19978866333473
13867.576800634426    59.533815996788086
14069.285349971487    61.820940573886645
14273.927817718419    63.00403431596742
14481.54687870117    57.23246612318536
14692.18582846533    56.03211885996522
14905.888592304698    55.4828726834627
15122.699734421185    54.69000751406475
15342.664467217943    51.88493761815036
15565.828660727671    49.58944481131739
15792.238852178061    47.41416030271454
16021.942255696367    47.51850074731126
16254.986772155136    48.372123243660766
16491.42099916115    48.57424972000468
16731.294241189662    49.589672236224104
16974.65651986603    53.635027907696774
17221.558584396902    56.30362135492439
17472.051922153143    57.280633887915265
17726.188769406665    56.872636861045116
17984.022122223458    53.9366671656055
18245.605747515034    51.284247264441554
18510.99419425065    47.53644724787236
18780.242804832582    42.741425111310136
19053.40772663689    37.53549499099716
19330.545923722028    38.03856609313645
19611.71518870775    40.67551551047051
19896.974154826825    45.3316665963405
20186.382308152035    45.49320301031333
