20    -5.819268880279099
20.290906698750476    -5.722614681673143
20.586044732869844    -5.625951186921032
20.885475648548283    -5.529283363999595
21.189261887185914    -5.432632525888471
21.49746679841394    -5.336030997579186
21.810154653305165    -5.239518691745754
22.12739065777668    -5.143144031216272
22.449240966187475    -5.046965882478515
22.77577269513385    -4.951052834397406
23.107053937445478    -4.855478767718459
23.44315377638505    -4.760314645290291
23.784142300054445    -4.665620165439804
24.130090616010463    -4.571439426077138
24.481070866093134    -4.477802477999569
24.837156241469714    -4.384730714433843
25.1984209978975    -4.29224310011492
25.56494047120865    -4.200360645099063
25.936791093020236    -4.10910853133127
26.3140504066728    -4.0185174131103745
26.69679708340074    -3.9286254299721524
27.08511093873791    -3.8394810543136573
27.47907294916184    -3.7511447808119756
27.878765268980047    -3.6636877658482243
28.284271247461966    -3.5771870560608847
28.695675446220072    -3.4917195495535744
29.11306365684382    -3.4073567924451162
29.536522918790062    -3.3241622975172405
29.966141537533712    -3.2421922665691416
30.402009102982383    -3.1614993028487657
30.844216508158908    -3.0821375567439775
31.29285596815558    -3.0041663132136955
31.74802103936409    -2.927649406499648
32.20980663898519    -2.8526511774362326
32.67830906482211    -2.779231902186326
33.153626015361866    -2.707445301324121
33.63585661014871    -2.6373388646387825
34.125101410453844    -2.568955227889787
34.62146244024586    -2.502331940356413
35.12504320746613    -2.437499381627352
35.635948725613716    -2.374479235660714
36.15428553564419    -2.3132854552412807
36.68016172818701    -2.2539272721299515
37.21368696608603    -2.1964118980892344
37.754972507267915    -2.140745217473336
38.30413122794313    -2.0869313022131353
38.86127764614443    -2.03497218794704
39.4265279456077    -1.9848679320566331
40.000000000000206    -1.9366159990368566
40.58181339750116    -1.8902093306967371
41.1720894657399    -1.8456338243536505
41.77095129709678    -1.8028659714733442
42.37852377437204    -1.76187046203846
42.9949335968281    -1.7225972664054954
43.62030930661056    -1.6849789953413286
44.25478131555359    -1.6489300436606333
44.89848193237519    -1.6143481442153567
45.55154539026795    -1.581117225002802
46.21410787489121    -1.5491104429231646
46.88630755277036    -1.5181930046377445
47.56828460010916    -1.4882261255215554
48.260181232021196    -1.4590742540397286
48.962141732186545    -1.4306162885660858
49.674312482939705    -1.4027580831616129
50.39684199579528    -1.3754407714404118
51.129880942417586    -1.3486429805806177
51.873582186040764    -1.3223784765894888
52.628100813345895    -1.2966924387588967
53.393594166801776    -1.271657201489307
54.17022187747612    -1.247366163074692
54.95814589832399    -1.2239256985891966
55.75753053796041    -1.2014466965246644
56.56854249492426    -1.1800368905367407
57.39135089244048    -1.1597940923280885
58.226127313687975    -1.1408023039014865
59.073045837580466    -1.1231311911998625
59.932283075067765    -1.1068368079902204
60.804018205965114    -1.0919591367565888
61.68843301631817    -1.078513372501555
62.58571193631152    -1.0664782745310366
63.49604207872855    -1.0557874203127646
64.41961327797075    -1.0463262124699284
65.35661812964459    -1.037933733417077
66.3072520307241    -1.0304079895511329
67.27171322029778    -1.0235154671131295
68.25020282090806    -1.0170060307918025
69.2429248804921    -1.0106316046433945
70.25008641493265    -1.0041654211834623
71.27189745122783    -0.9974184230943766
72.30857107128878    -0.9902506330884191
73.36032345637442    -0.9825783553491798
74.42737393217246    -0.974377565058153
75.50994501453623    -0.9656826326184225
76.60826245588666    -0.9565802311062024
77.72255529228926    -0.9471997222958131
78.85305589121582    -0.9377020071250044
80.00000000000082    -0.9282688240883895
81.16362679500274    -0.9190944368070205
82.34417893148023    -0.9103782809999594
83.541902594194    -0.9023164536059014
84.75704754874454    -0.8950921933504583
85.98986719365665    -0.8888671172551179
87.24061861322157    -0.8837729021844121
88.50956263110764    -0.8799033145311332
89.79696386475084    -0.8773072254403198
91.10309078053635    -0.8759828288867979
92.42821574978288    -0.8758745393207654
93.77261510554118    -0.8768776314914386
95.13656920021877    -0.8788513034707175
96.52036246404286    -0.8816343202126844
97.92428346437356    -0.8850599554292942
99.34862496587989    -0.8889686236084194
100.79368399159105    -0.8932181390961758
102.25976188483567    -0.8976925691225492
103.74716437208203    -0.9023089197039169
105.25620162669229    -0.9070201979827683
106.78718833360406    -0.9118149491053468
108.34044375495276    -0.9167142915459938
109.9162917966485    -0.9217662029474682
111.51506107592134    -0.9270374194720854
113.13708498984903    -0.932605006739057
114.78270178488147    -0.9385486613300781
116.45225462737648    -0.9449443223781407
118.14609167516147    -0.951860306277863
119.86456615013608    -0.9593566666826008
121.60803641193078    -0.9674864175344278
123.3768660326369    -0.976298095281745
125.17142387262359    -0.9858374730585926
126.99208415745765    -0.9961466816135305
128.83922655594208    -1.0072622699415212
130.71323625928977    -1.01921320104794
132.61450406144883    -1.0320179509904588
134.5434264405962    -1.045680784386952
136.50040564181674    -1.0601894266448235
138.48584976098482    -1.0755162653653385
140.50017282986593    -1.0916231984186975
142.5437949024563    -1.108467631986005
144.61714214257822    -1.12600609782987
146.7206469127495    -1.14419478033399
148.8547478643456    -1.1629889255372547
151.01989002907314    -1.182343136847366
153.216524911774    -1.2022127017190443
155.4451105845792    -1.222554857857185
157.70611178243232    -1.2433287637924024
160.00000000000236    -1.2644935840107738
162.3272535900062    -1.2860046359351023
164.6883578629612    -1.3078075903133708
167.08380518838874    -1.329832757693405
169.51409509748981    -1.351992671456138
171.97973438731407    -1.3741833346739878
174.4812372264439    -1.3962862242551917
177.01912526221608    -1.418168322830484
179.5939277295025    -1.43968162339404
182.20618156107355    -1.460664609842143
184.85643149956664    -1.4809470358667274
187.54523021108326    -1.5003563352726315
190.27313840043846    -1.5187239257764853
193.04072492808663    -1.5358911142115843
195.84856692874806    -1.5517154436824638
198.69724993176072    -1.566077924020288
201.58736798318304    -1.578888976982594
204.5195237696723    -1.59009164173821
207.49432874416505    -1.5996616048365264
210.5124032533856    -1.6076049465067161
213.57437666720915    -1.6139545166034768
216.68088750990657    -1.618765828370025
219.83258359329807    -1.622112921128704
223.03012215184378    -1.6240845144323326
226.2741699796992    -1.6247805547580851
229.5654035697641    -1.6243092815343083
232.90450925475412    -1.6227848481069185
236.2921833503241    -1.62032519470027
239.72913230027333    -1.6170499427926068
243.21607282386276    -1.6130764780302562
246.75373206527502    -1.6085144506523874
250.34284774524843    -1.6034604310124299
253.9841683149166    -1.597995391222013
257.67845311188546    -1.5921855864441559
261.42647251858085    -1.5860857644668662
265.22900812289896    -1.5797431225719842
269.08685288119375    -1.5731991841749715
273.0008112836349    -1.5664895170363176
276.97169952197106    -1.5596412145800949
281.00034565973334    -1.5526709888662924
285.0875898049141    -1.545584990213847
289.23428428515797    -1.5383796732222406
293.44129382550057    -1.5310432613418559
297.7094957286928    -1.52355769764452
302.0397800581479    -1.5158995680288596
306.4330498235497    -1.5080395796233037
310.89022116916016    -1.499940795458519
315.41222356486645    -1.491556486252402
320.00000000000654    -1.4828301197757456
324.6545071800142    -1.4736987980082397
329.3767157259242    -1.4641003273636002
334.16761037677935    -1.4539825037063214
339.02819019498156    -1.4433104745336065
343.95946877463007    -1.432069788537381
348.9624744528898    -1.420265158934722
354.03825052443415    -1.4079160572928617
359.187855459007    -1.395051253344901
364.4123631221491    -1.381702694905218
369.71286299913527    -1.3678993987980839
375.0904604221685    -1.3536627395549936
380.54627680087896    -1.3390040890682031
386.08144985617537    -1.3239225258750917
391.6971338574982    -1.308398929762232
397.3944998635236    -1.2923867732642011
403.1747359663683    -1.275801654439033
409.0390475393468    -1.2585126570333274
414.9886574883323    -1.2403400474083632
421.0248065067734    -1.221061610865416
427.1487533344206    -1.2004260197112904
433.3617750198154    -1.1781693217614015
439.6651671865984    -1.154032728985271
446.06024430368984    -1.1277810995360353
452.54833995940066    -1.0992202259391257
459.13080713953053    -1.0682106255783104
465.8090185095106    -1.034674296283579
472.58436670065066    -0.9985924485487356
479.45826460054917    -0.9599975290171134
486.432145647728    -0.9189656094032395
493.50746413055253    -0.8756128958824301
500.6856954904994    -0.8300951853717058
507.9683366298358    -0.782608368075721
515.3569062237735    -0.7333891998946479
522.8529450371643    -0.6827156887025808
530.4580162458005    -0.6309045912179905
538.1737057623901    -0.5783046752819467
546.0016225672724    -0.5252833631084562
553.9433990439449    -0.4722076327794485
562.0006913194694    -0.4194281125086955
570.1751796098309    -0.3672683467286387
578.4685685703187    -0.31602054495043286
586.8825876510039    -0.26594651888234055
595.4189914573883    -0.21728154290596002
604.0795601162986    -0.17023603037487045
612.8660996471021    -0.12499097207641252
621.780442338323    -0.0816837934285769
630.8244471297356    -0.040386436648473634
640.0000000000159    -0.0010856259744431718
649.3090143600314    0.036328162396716435
658.7534314518515    0.0720637700139598
668.3352207535618    0.1064297429540384
678.0563803899662    0.13983993341937995
687.9189375492632    0.172825611823645
697.9249489057827    0.2060406309174787
708.0765010488715    0.24024836475620254
718.3757109180171    0.2762823925311638
728.8247262443015    0.31497670888713003
739.425725998274    0.35707767358243103
750.1809208443404    0.40316064466506285
761.0925536017613    0.45357755347321493
772.1628997123541    0.5084528592359681
783.3942677149998    0.5677200210010593
794.7889997270506    0.6311690014929585
806.34947193274    0.6984911250064176
818.0780950786972    0.7693169138530104
829.9773149766683    0.8432418866172471
842.0496130135506    0.919835645120733
854.2975066688449    0.9986389206367738
866.7235500396347    1.0791600699768673
879.3303343732008    1.160881245477957
892.1204886073838    1.2432775336921527
905.0966799188055    1.3258453326614452
918.2616142790653    1.4081376801709764
931.6180370190256    1.489799042086358
945.1687334013056    1.5705880854030863
958.9165292011028    1.650385734809957
972.8642912954606    1.7291928858278944
987.0149282611097    1.8071225829205217
1001.3713909810035    1.884386516960152
1015.9366732596762    1.9612679759720137
1030.7138124475518    2.0380715838646553
1045.7058900743334    2.1150649312666467
1060.916032491606    2.1924344439500483
1076.3474115247852    2.2702639981238315
1092.0032451345498    2.3485362548687747
1107.8867980878947    2.4271510080213186
1124.0013826389438    2.505947169536156
1140.350359219667    2.584725867433631
1156.9371371406426    2.6632684939889772
1173.765175302013    2.7413478041397825
1190.837982914782    2.8187368882932025
1208.1591202326028    2.8952244690037143
1225.73219929421    2.9706381003527498
1243.5608846766518    3.0448621550562995
1261.648894259477    3.1178264228304364
1280.0000000000375    3.1894877559402546
1298.6180287200684    3.259830816804394
1317.5068629037087    3.328887818732193
1336.6704415071292    3.396769706860637
1356.112760779938    3.4636950230573076
1375.8378750985323    3.529967639633992
1395.8498978115715    3.595910315944401
1416.153002097749    3.661780372504744
1436.7514218360407    3.7277254380860203
1457.6494524886093    3.793815196263399
1478.8514519965543    3.8601092719734464
1500.3618416886875    3.926721430924299
1522.1851072035295    3.9938565169859825
1544.3257994247153    4.061811489765885
1566.788535430007    4.130937690908962
1589.5779994541087    4.201620058054504
1612.6989438654878    4.274289582042178
1636.156190157402    4.349498717054098
1659.9546299533442    4.428033414796548
1684.099226027109    4.510972893152936
1708.5950133376978    4.599621025557845
1733.4471000792773    4.6953279101581495
1758.6606687464096    4.799324211548153
1784.2409772147755    4.912683842693889
1810.193359837619    5.036414108168235
1836.5232285581387    5.171587240127343
1863.2360740380593    5.3193823394115185
1890.3374668026197    5.480917349521075
1917.833058402214    5.6569150190006265
1945.7285825909298    5.847381849248873
1974.0298565222283    6.051477537612278
2002.7427819620161    6.2676315506519815
2031.8733465193618    6.493832514503511
2061.4276248951132    6.727940336674116
2091.411780148677    6.967898108609474
2121.832064983222    7.2117383716282735
2152.694823049581    7.45738833976324
2184.0064902691106    7.702519493397043
2215.7735961758003    7.944670080402799
2248.002765277899    8.181484210373512
2280.7007184393456    8.410736983959232
2313.874274281297    8.63016858804598
2347.530350604038    8.837449607922622
2381.6759658295764    9.030603331955776
2416.318240465218    9.20853998596663
2451.4643985884327    9.371184547380757
2487.1217693533167    9.519182492962633
2523.2977885189675    9.653321149109075
2560.0000000000887    9.77410260663633
2597.236057440151    9.881731137940099
2635.0137258074315    9.976386695450365
2673.340883014273    10.05851547216989
2712.225521559891    10.128938023077312
2751.6757501970797    10.188735472569476
2791.699795623158    10.239102386315123
2832.3060041955137    10.281243146686007
2873.502843672097    10.316239631833126
2915.2989049772345    10.344858637381831
2957.7029039931244    10.367448973115968
3000.723683377391    10.383967585265484
3044.370214407075    10.393973157054862
3088.6515988494466    10.396336147539907
3133.57707086003    10.388934829614646
3179.1559989082334    10.368809136878616
3225.3978877309914    10.33271264482034
3272.3123803148205    10.27788472842821
3319.9092599067053    10.20294966565726
3368.198452054235    10.108827430655296
3417.190026675413    9.999468713869039
3466.8942001585724    9.882235594765064
3517.3213374928373    9.767843427900191
3568.4819544295697    9.66981627389743
3620.386719675257    9.603349173979773
3673.0464571162966    9.583559660556807
3726.472148076138    9.623357761095804
3780.6749336052594    9.731089514935187
3835.6661168044484    9.90829302942102
3891.45716518188    10.14832120211541
3948.059713044477    10.435894007620698
4005.4855639240527    10.748543270554269
4063.746693038744    11.059089081655204
4122.855249790247    11.338777982842963
4182.823560297375    11.56052702758167
4243.664129966465    11.702032396733728
4305.389646099183    11.748461476922428
4368.012980538242    11.694208424677758
4431.5471923516225    11.543692601226388
4496.00553055582    11.310756677749449
4561.401436878714    11.0163681674258
4627.748548562617    10.685554058120069
4695.060701208099    10.34397625535425
4763.351931659176    10.015091201746936
4832.63648093046    9.718430651309884
4902.928797176889    9.468597054722899
4974.243538706657    9.274568038788855
5046.595577037959    9.139555786421832
5120.000000000202    9.06119278206209
5194.472114880326    9.032343111952152
5270.027451614888    9.042011645503134
5346.6817660285715    9.076292463206105
5424.451043119808    9.119056055445308
5503.351500394186    9.152375355140814
5583.399591246343    9.157113778071256
5664.612008391055    9.11426847453868
5747.005687344222    9.007400865061829
5830.597809954497    8.825700806421219
5915.405807986278    8.567375343961661
6001.447366754812    8.242614353274547
6088.740428814181    7.874835717388298
6177.303197698925    7.498580011759304
6267.154141720092    7.153373696619949
6358.3119978165005    6.87507232351493
6450.795775462017    6.686934087342367
6544.624760629676    6.593290291922742
6639.818519813445    6.578035661803516
6736.396904108505    6.609433258666053
6834.380053350861    6.650077555795157
6933.788400317181    6.668408752453983
7034.642674985712    6.647563285106639
7136.963908859177    6.588890880356831
7240.773439350552    6.5097727011039614
7346.092914232631    6.437303595170456
7452.944296152315    6.400535171185106
7561.349867210557    6.42352730367969
7671.332233608935    6.520296615557406
7782.914330363799    6.692342540854704
7896.119426088994    6.928051647761439
8010.971127848146    7.203526049256975
8127.49338607753    7.485362917561941
8245.710499580537    7.73577727825416
8365.647120594791    7.919086504921943
8487.328259932974    8.008191354250041
8610.77929219841    7.989227800006787
8736.025961076528    7.864292903329398
8863.094384703289    7.651217949762508
8992.011061111683    7.37990342464456
9122.802873757471    7.08650692090744
9255.497097125279    6.806711470652558
9390.121402416245    6.569915972247944
9526.7038633184    6.39539447001694
9665.272961860968    6.290220684042986
9805.857594353829    6.248906620178482
9948.487077413367    6.2543606793169255
10093.19115407597    6.279911315565528
10240.000000000457    6.291052794525349
10388.944229760706    6.245119782773845
10540.05490322983    6.088954421425672
10693.363532057198    5.758653125708681
10848.902086239672    5.1874320716744995
11006.703000788428    4.326023611576721
11166.799182492743    3.1660462944880763
11329.224016782166    1.7510867756959785
11494.0113746885    0.16997012366526548
11661.195619909053    -1.4680890331864864
11830.811615972614    -3.0502197329553153
12002.894733509682    -4.462382254906052
12177.48085762842    -5.589334309661556
12354.606395397908    -6.333607438288555
12534.308283440243    -6.661364040853957
12716.62399563306    -6.616036834146605
12901.591550924093    -6.30916989615167
13089.249521259411    -5.8717330771351275
13279.637039626952    -5.412995353914215
13472.793808217073    -5.013545422949579
13668.760106701786    -4.737794378301873
13867.576800634426    -4.641469444693952
14069.285349971487    -4.764546142518992
14273.927817718419    -5.1206598752646295
14481.54687870117    -5.697430744859151
14692.18582846533    -6.447829492002221
14905.888592304698    -7.291018691476756
15122.699734421185    -8.130122494392086
15342.664467217943    -8.87327908906404
15565.828660727671    -9.458335589290686
15792.238852178061    -9.874782887400167
16021.942255696367    -10.171662095664962
16254.986772155136    -10.447747558064787
16491.42099916115    -10.814379047925224
16731.294241189662    -11.299073025273454
16974.65651986603    -11.743239624118974
17221.558584396902    -11.87571016794274
17472.051922153143    -11.514911581976468
17726.188769406665    -10.657660214509665
17984.022122223458    -9.416207459673817
18245.605747515034    -7.966420005163897
18510.99419425065    -6.55527930032263
18780.242804832582    -5.4735162415730665
19053.40772663689    -4.930349806041496
19330.545923722028    -4.918882726720544
19611.71518870775    -5.226424288029244
19896.974154826825    -5.59699206704364
20186.382308152035    -5.90807692290684
