20    -8.620886512360956
20.290906698750476    -8.501491669652717
20.586044732869844    -8.382103411154619
20.885475648548283    -8.26273549491646
21.189261887185914    -8.143410280532919
21.49746679841394    -8.024158288183305
21.810154653305165    -7.905017292860271
22.12739065777668    -7.786030743021356
22.449240966187475    -7.6672459436236675
22.77577269513385    -7.548711939635573
23.107053937445478    -7.43047713531816
23.44315377638505    -7.312586985702888
23.784142300054445    -7.19508169524751
24.130090616010463    -7.077994111148579
24.481070866093134    -6.961348051648505
24.837156241469714    -6.845157161223492
25.1984209978975    -6.729424539534345
25.56494047120865    -6.614143547476888
25.936791093020236    -6.499300147848777
26.3140504066728    -6.3848757734393615
26.69679708340074    -6.27085047532453
27.08511093873791    -6.15720579908527
27.47907294916184    -6.043927241512613
27.878765268980047    -5.931006241089972
28.284271247461966    -5.81844129528605
28.695675446220072    -5.706237589281178
29.11306365684382    -5.594406052855716
29.536522918790062    -5.482962559825664
29.966141537533712    -5.371927576163351
30.402009102982383    -5.261326047341974
30.844216508158908    -5.151186589352085
31.29285596815558    -5.04154028310232
31.74802103936409    -4.932419787261981
32.20980663898519    -4.823859022076815
32.67830906482211    -4.715893678460895
33.153626015361866    -4.608561867152649
33.63585661014871    -4.501904111272022
34.125101410453844    -4.395962455161992
34.62146244024586    -4.290778776095522
35.12504320746613    -4.186393600915119
35.635948725613716    -4.082846053361692
36.15428553564419    -3.980174396146752
36.68016172818701    -3.878416147451066
37.21368696608603    -3.777607489233215
37.754972507267915    -3.677782700697823
38.30413122794313    -3.5789743586574874
38.86127764614443    -3.481214083910166
39.4265279456077    -3.384533015238543
40.000000000000206    -3.288961454896411
40.58181339750116    -3.194527940451148
41.1720894657399    -3.101258603815617
41.77095129709678    -3.0091775250646533
42.37852377437204    -2.9183077514307496
42.9949335968281    -2.8286725379188935
43.62030930661056    -2.7402961924964138
44.25478131555359    -2.6532040673923913
44.89848193237519    -2.5674220712964226
45.55154539026795    -2.4829761385673272
46.21410787489121    -2.3998922683441584
46.88630755277036    -2.318197642273856
47.56828460010916    -2.237922539797175
48.260181232021196    -2.159102135029208
48.962141732186545    -2.081777416442015
49.674312482939705    -2.0059954951945036
50.39684199579528    -1.9318093365855589
51.129880942417586    -1.8592769496518944
51.873582186040764    -1.7884609463318126
52.628100813345895    -1.7194281002476632
53.393594166801776    -1.6522487046867234
54.17022187747612    -1.5869949891537702
54.95814589832399    -1.523738974400164
55.75753053796041    -1.462549609469824
56.56854249492426    -1.4034890332859238
57.39135089244048    -1.3466085293963292
58.226127313687975    -1.2919441451382179
59.073045837580466    -1.239512011571997
59.932283075067765    -1.1893029746621835
60.804018205965114    -1.1412766446379186
61.68843301631817    -1.095355107401259
62.58571193631152    -1.051417125091949
63.49604207872855    -1.0092933052937099
64.41961327797075    -0.9687628776930834
65.35661812964459    -0.929553834630453
66.3072520307241    -0.8913456784870122
67.27171322029778    -0.8537751273687892
68.25020282090806    -0.8164451541261204
69.2429248804921    -0.7789370413882193
70.25008641493265    -0.7408261314207718
71.27189745122783    -0.7017005743216274
72.30857107128878    -0.6611806947437922
73.36032345637442    -0.6189378774534058
74.42737393217246    -0.574711421489245
75.50994501453623    -0.5283227742584824
76.60826245588666    -0.47968575260388135
77.72255529228926    -0.4288109415086847
78.85305589121582    -0.3758034196196336
80.00000000000082    -0.3208542285748459
81.16362679500274    -0.26422668278599515
82.34417893148023    -0.20624010616166188
83.541902594194    -0.1472531932168426
84.75704754874454    -0.08764872585930195
85.98986719365665    -0.027820319718209086
87.24061861322157    0.03183870599119354
88.50956263110764    0.09094571702717102
89.79696386475084    0.14913737209498867
91.10309078053635    0.20607590957775868
92.42821574978288    0.2614540554400082
93.77261510554118    0.3149982917796419
95.13656920021877    0.36647128235439297
96.52036246404286    0.41567363622245157
97.92428346437356    0.4624446363980388
99.34862496587989    0.506661999307477
100.79368399159105    0.5482392873033568
102.25976188483567    0.5871219414473945
103.74716437208203    0.6232831539970354
105.25620162669229    0.6567206618438215
106.78718833360406    0.6874543309290013
108.34044375495276    0.7155236368484958
109.9162917966485    0.740983274330417
111.51506107592134    0.763898186527233
113.13708498984903    0.7843404407577319
114.78270178488147    0.8023885628231886
116.45225462737648    0.8181282290816894
118.14609167516147    0.8316529976155884
119.86456615013608    0.8430634442028282
121.60803641193078    0.8524647049071361
123.3768660326369    0.8599640367369044
125.17142387262359    0.865668610143175
126.99208415745765    0.8696838467124945
128.83922655594208    0.872111423381186
130.71323625928977    0.8730472543010728
132.61450406144883    0.8725804293235382
134.5434264405962    0.8707926027751784
136.50040564181674    0.867757798415381
138.48584976098482    0.8635431778202618
140.50017282986593    0.858210165610545
142.5437949024563    0.8518159062628692
144.61714214257822    0.8444155243665534
146.7206469127495    0.8360643667828362
148.8547478643456    0.8268203966921364
151.01989002907314    0.81674588096263
153.216524911774    0.8059083092514228
155.4451105845792    0.7943786810293751
157.70611178243232    0.7822273633723726
160.00000000000236    0.7695193407261534
162.3272535900062    0.756310323703639
164.6883578629612    0.7426463516933014
167.08380518838874    0.7285667329229194
169.51409509748981    0.7141083694098618
171.97973438731407    0.6993099997337215
174.4812372264439    0.6842137897404568
177.01912526221608    0.668863580609099
179.5939277295025    0.653301661700016
182.20618156107355    0.6375658983455369
184.85643149956664    0.6216893700037125
187.54523021108326    0.6057026917987139
190.27313840043846    0.5896371040898635
193.04072492808663    0.5735258328343519
195.84856692874806    0.5574024988912322
198.69724993176072    0.5412964538315624
201.58736798318304    0.5252277660170789
204.5195237696723    0.5092043128567572
207.49432874416505    0.4932222300666078
210.5124032533856    0.4772687530819463
213.57437666720915    0.46132618332920317
216.68088750990657    0.4453764791086205
219.83258359329807    0.4294058149323802
223.03012215184378    0.41340996630111226
226.2741699796992    0.39739840474422483
229.5654035697641    0.38139532277850446
232.90450925475412    0.36543702225945623
236.2921833503241    0.3495658128451989
239.72913230027333    0.33382372100513746
243.21607282386276    0.3182474887785243
246.75373206527502    0.30286703765210515
250.34284774524843    0.2877065497782237
253.9841683149166    0.2727866589576414
257.67845311188546    0.2581274542765634
261.42647251858085    0.24375131632925795
265.22900812289896    0.2296817591307604
269.08685288119375    0.21593861870628545
273.0008112836349    0.20253297932012532
276.97169952197106    0.18946318130548467
281.00034565973334    0.17671386344059475
285.0875898049141    0.16425780623142067
289.23428428515797    0.15205945172000288
293.44129382550057    0.14007874861031394
297.7094957286928    0.12827574798366095
302.0397800581479    0.11661620883742693
306.4330498235497    0.10507810692935982
310.89022116916016    0.09365815649343942
315.41222356486645    0.08237679904035668
320.00000000000654    0.07127861751636161
324.6545071800142    0.06042594960375494
329.3767157259242    0.04988720990577061
334.16761037677935    0.03972645480090503
339.02819019498156    0.029998976545744294
343.95946877463007    0.02075287834005901
348.9624744528898    0.0120316225170789
354.03825052443415    0.0038727114927932793
359.187855459007    -0.003698145676414022
364.4123631221491    -0.010671736618798111
369.71286299913527    -0.01705548211022806
375.0904604221685    -0.02287115344213353
380.54627680087896    -0.028151696484512656
386.08144985617537    -0.03293732821254447
391.6971338574982    -0.03727107401103019
397.3944998635236    -0.04119490767476269
403.1747359663683    -0.044747205379812055
409.0390475393468    -0.047959717233057725
414.9886574883323    -0.05085399195814899
421.0248065067734    -0.0534387585674275
427.1487533344206    -0.055707204869167054
433.3617750198154    -0.057635504787286546
439.6651671865984    -0.05918182322232915
446.06024430368984    -0.0602853178063501
452.54833995940066    -0.06086778429692785
459.13080713953053    -0.06083730453529185
465.8090185095106    -0.06009471535494926
472.58436670065066    -0.058539589553339655
479.45826460054917    -0.05607619143332765
486.432145647728    -0.05261614986916474
493.50746413055253    -0.048076948029432076
500.6856954904994    -0.04238036354551222
507.9683366298358    -0.035449356847693236
515.3569062237735    -0.027201839269623718
522.8529450371643    -0.017544063552759837
530.4580162458005    -0.006370317525491553
538.1737057623901    0.006431630596421045
546.0016225672724    0.020970236701201128
553.9433990439449    0.03733965823124419
562.0006913194694    0.05561759243098885
570.1751796098309    0.07587092407664586
578.4685685703187    0.09816633457097323
586.8825876510039    0.12257703554933441
595.4189914573883    0.14918369486715122
604.0795601162986    0.1780662331299796
612.8660996471021    0.20928708340814817
621.780442338323    0.2428736155493746
630.8244471297356    0.27880292767910697
640.0000000000159    0.31699295571659003
649.3090143600314    0.3572954366020443
658.7534314518515    0.3994875170806126
668.3352207535618    0.4432664728919541
678.0563803899662    0.48824975112025015
687.9189375492632    0.5339886238654954
697.9249489057827    0.5799942953981764
708.0765010488715    0.6257602798521137
718.3757109180171    0.6707838832140429
728.8247262443015    0.7145881656432065
739.425725998274    0.7567334736377014
750.1809208443404    0.7968221617313801
761.0925536017613    0.834500220106573
772.1628997123541    0.8694613499568599
783.3942677149998    0.9014564931828816
794.7889997270506    0.9303130516779834
806.34947193274    0.9559675278937202
818.0780950786972    0.97851358254695
829.9773149766683    0.9982732282536205
842.0496130135506    1.0158770342679286
854.2975066688449    1.032316534395981
866.7235500396347    1.0489402329188566
879.3303343732008    1.0673689007995115
892.1204886073838    1.0893322455854801
905.0966799188055    1.1164645090846252
918.2616142790653    1.1501185230354245
931.6180370190256    1.191233099055751
945.1687334013056    1.2402817694738866
958.9165292011028    1.2973006409870653
972.8642912954606    1.3619632355763744
987.0149282611097    1.4336688366328798
1001.3713909810035    1.511630928878442
1015.9366732596762    1.5949580831624994
1030.7138124475518    1.6827288874309443
1045.7058900743334    1.7740547999468927
1060.916032491606    1.8681262057672314
1076.3474115247852    1.964234726764045
1092.0032451345498    2.0617782125749464
1107.8867980878947    2.16026109726567
1124.0013826389438    2.2592884710969408
1140.350359219667    2.3585563716180316
1156.9371371406426    2.4578451464271325
1173.765175302013    2.557010993161953
1190.837982914782    2.6559850428008405
1208.1591202326028    2.7547760539458657
1225.73219929421    2.853459451773272
1243.5608846766518    2.952151956031293
1261.648894259477    3.05098465556583
1280.0000000000375    3.1500726437934197
1298.6180287200684    3.2495066656363214
1317.5068629037087    3.3493576949341217
1336.6704415071292    3.449661064438687
1356.112760779938    3.550380948820407
1375.8378750985323    3.6513598879676317
1395.8498978115715    3.7522567381391583
1416.153002097749    3.8525093153028687
1436.7514218360407    3.9513556974373083
1457.6494524886093    4.047923999367611
1478.8514519965543    4.141381823468086
1500.3618416886875    4.231129174960319
1522.1851072035295    4.316981178686561
1544.3257994247153    4.399268033067122
1566.788535430007    4.47879424809302
1589.5779994541087    4.556663729099348
1612.6989438654878    4.634041164765076
1636.156190157402    4.711917296115818
1659.9546299533442    4.7909415510173625
1684.099226027109    4.871380710339226
1708.5950133376978    4.953205624917731
1733.4471000792773    5.036293716302232
1758.6606687464096    5.120686561264645
1784.2409772147755    5.206842683884111
1810.193359837619    5.295809860880891
1836.5232285581387    5.389223742852318
1863.2360740380593    5.489116199294762
1890.3374668026197    5.59760439328307
1917.833058402214    5.716571946607229
1945.7285825909298    5.847419692119361
1974.0298565222283    5.990940294569004
2002.7427819620161    6.14729515370287
2031.8733465193618    6.316050443287405
2061.4276248951132    6.496264680072313
2091.411780148677    6.686590648122685
2121.832064983222    6.885356342798014
2152.694823049581    7.090631242373634
2184.0064902691106    7.300308887596966
2215.7735961758003    7.512281327473712
2248.002765277899    7.724668042404438
2280.7007184393456    7.936015336746516
2313.874274281297    8.145335165005195
2347.530350604038    8.351977445200662
2381.6759658295764    8.555468654903402
2416.318240465218    8.755424253343564
2451.4643985884327    8.951540017974992
2487.1217693533167    9.143629161029514
2523.2977885189675    9.331626933647254
2560.0000000000887    9.515609508967561
2597.236057440151    9.695753636012627
2635.0137258074315    9.872228421648598
2673.340883014273    10.045108735321469
2712.225521559891    10.214366137450629
2751.6757501970797    10.379940992112044
2791.699795623158    10.541783593356366
2832.3060041955137    10.699759670581072
2873.502843672097    10.853502799168027
2915.2989049772345    11.002358786550637
2957.7029039931244    11.145442868254671
3000.723683377391    11.281701560455753
3044.370214407075    11.409876352430624
3088.6515988494466    11.52833895824607
3133.57707086003    11.634812594751152
3179.1559989082334    11.726178636597156
3225.3978877309914    11.798606788570767
3272.3123803148205    11.847971436085405
3319.9092599067053    11.870428127180498
3368.198452054235    11.862818209562313
3417.190026675413    11.822716651601803
3466.8942001585724    11.748282002804316
3517.3213374928373    11.638063595843889
3568.4819544295697    11.490853586557606
3620.386719675257    11.305658809161635
3673.0464571162966    11.081790425625789
3726.472148076138    10.819067093760673
3780.6749336052594    10.518190026806556
3835.6661168044484    10.18122004296052
3891.45716518188    9.812100480935683
3948.059713044477    9.417282356228856
4005.4855639240527    9.006176970569872
4063.746693038744    8.591280328836032
4122.855249790247    8.187741520219188
4182.823560297375    7.812300083350382
4243.664129966465    7.481818075875776
4305.389646099183    7.211501308711968
4368.012980538242    7.012906758975317
4431.5471923516225    6.89204048140348
4496.00553055582    6.847924542456409
4561.401436878714    6.872267080456898
4627.748548562617    6.95057313453988
4695.060701208099    7.064401059460076
4763.351931659176    7.194299602597156
4832.63648093046    7.32284071132071
4902.928797176889    7.43687143429732
4974.243538706657    7.528674668600898
5046.595577037959    7.595910060125232
5120.000000000202    7.640453511273052
5194.472114880326    7.666774840595233
5270.027451614888    7.680489361237618
5346.6817660285715    7.687560696907082
5424.451043119808    7.694194330997923
5503.351500394186    7.706469786909892
5583.399591246343    7.729145202600474
5664.612008391055    7.763944737842838
5747.005687344222    7.80818881062222
5830.597809954497    7.854675573537578
5915.405807986278    7.893307689290887
6001.447366754812    7.914126192198384
6088.740428814181    7.9108308094343
6177.303197698925    7.883367453578546
6267.154141720092    7.838601865911536
6358.3119978165005    7.788898969727247
6450.795775462017    7.7493633495715155
6544.624760629676    7.735257749652244
6639.818519813445    7.760274778339949
6736.396904108505    7.835812881023183
6834.380053350861    7.97068394269194
6933.788400317181    8.17073869630499
7034.642674985712    8.438018371146432
7136.963908859177    8.76944247098597
7240.773439350552    9.155925716592344
7346.092914232631    9.582515188071458
7452.944296152315    10.029285638273597
7561.349867210557    10.472769555021024
7671.332233608935    10.887642704884254
7782.914330363799    11.248443657691936
7896.119426088994    11.531302120477807
8010.971127848146    11.715572399417804
8127.49338607753    11.78517435001675
8245.710499580537    11.729559950291236
8365.647120594791    11.544392903004123
8487.328259932974    11.231818182620865
8610.77929219841    10.800039960052885
8736.025961076528    10.262162601407692
8863.094384703289    9.634226251362564
8992.011061111683    8.933148831186102
9122.802873757471    8.1755261392095
9255.497097125279    7.377997547795326
9390.121402416245    6.559565676207822
9526.7038633184    5.745465839948219
9665.272961860968    4.97121719355308
9805.857594353829    4.283220634208305
9948.487077413367    3.732798352066296
10093.19115407597    3.3616725731169925
10240.000000000457    3.1847139180756177
10388.944229760706    3.1799340000729734
10540.05490322983    3.2909110454151724
10693.363532057198    3.4413124004062525
10848.902086239672    3.554242599919539
11006.703000788428    3.5691022574784776
11166.799182492743    3.4529425579817143
11329.224016782166    3.204233208535671
11494.0113746885    2.8494446262306417
11661.195619909053    2.435157791952875
11830.811615972614    2.021096549768939
12002.894733509682    1.6743730957391054
12177.48085762842    1.4649152746901395
12354.606395397908    1.4546292527607763
12534.308283440243    1.6778584584758658
12716.62399563306    2.1239606971846623
12901.591550924093    2.73084574924453
13089.249521259411    3.399205221755978
13279.637039626952    4.018251330896607
13472.793808217073    4.490665352523902
13668.760106701786    4.750863132572051
13867.576800634426    4.774507181323462
14069.285349971487    4.578315417835449
14273.927817718419    4.211085616466454
14481.54687870117    3.7353152970780186
14692.18582846533    3.211515644181414
14905.888592304698    2.6892123605259157
15122.699734421185    2.2023864117334764
15342.664467217943    1.7661158849360337
15565.828660727671    1.3739622765243928
15792.238852178061    1.0033028533089619
16021.942255696367    0.6300487936005728
16254.986772155136    0.24470556132479038
16491.42099916115    -0.1445440874374335
16731.294241189662    -0.5302547697853038
16974.65651986603    -0.9343648334927218
17221.558584396902    -1.422281166850397
17472.051922153143    -2.084547355921629
17726.188769406665    -2.995785446013734
17984.022122223458    -4.181953569694936
18245.605747515034    -5.613197517232418
18510.99419425065    -7.214197154576037
18780.242804832582    -8.876822084976414
19053.40772663689    -10.464364214553608
19330.545923722028    -11.817316646080089
19611.71518870775    -12.780588713509811
19896.974154826825    -13.292719492550521
20186.382308152035    -13.518142454339344
