20    -4.886844129191749
20.290906698750476    -4.83116072278701
20.586044732869844    -4.775468155618513
20.885475648548283    -4.719758270938193
21.189261887185914    -4.66402532715416
21.49746679841394    -4.60826565875577
21.810154653305165    -4.5524777948142106
22.12739065777668    -4.496663197733575
22.449240966187475    -4.440826871457946
22.77577269513385    -4.384977794590049
23.107053937445478    -4.329129132505345
23.44315377638505    -4.273298537757974
23.784142300054445    -4.21750874586693
24.130090616010463    -4.1617883770652275
24.481070866093134    -4.1061730102541505
24.837156241469714    -4.050706525359078
25.1984209978975    -3.995442834922694
25.56494047120865    -3.940447793651782
25.936791093020236    -3.8858007317693843
26.3140504066728    -3.83159515358614
26.69679708340074    -3.77793828188004
27.08511093873791    -3.724949467065302
27.47907294916184    -3.672757755574405
27.878765268980047    -3.6214987524185767
28.284271247461966    -3.571310810598485
28.695675446220072    -3.5223308715939186
29.11306365684382    -3.4746906401661244
29.536522918790062    -3.428513695886986
29.966141537533712    -3.3839140619897137
30.402009102982383    -3.3409964759270085
30.844216508158908    -3.2998580014104713
31.29285596815558    -3.2605899369407956
31.74802103936409    -3.223279133200175
32.20980663898519    -3.188008265076987
32.67830906482211    -3.1548546015061625
33.153626015361866    -3.123887559230625
33.63585661014871    -3.0951657883999975
34.125101410453844    -3.0687349343191315
34.62146244024586    -3.044627251641667
35.12504320746613    -3.0228630412595043
35.635948725613716    -3.0034526304960414
36.15428553564419    -2.986397305804334
36.68016172818701    -2.971688043243476
37.21368696608603    -2.959301696273669
37.754972507267915    -2.9491952091013163
38.30413122794313    -2.941298595629867
38.86127764614443    -2.9355071480830555
39.4265279456077    -2.9316732417388804
40.000000000000206    -2.929598329474554
40.58181339750116    -2.9290254192527065
41.1720894657399    -2.92963306881118
41.77095129709678    -2.9310324497195963
42.37852377437204    -2.9327690698199493
42.9949335968281    -2.934329791067725
43.62030930661056    -2.935155038185211
44.25478131555359    -2.934654742261874
44.89848193237519    -2.9322266571446685
45.55154539026795    -2.9272754304506226
46.21410787489121    -2.9192316903151063
46.88630755277036    -2.9075713243314496
47.56828460010916    -2.891835214232822
48.260181232021196    -2.8716490549719023
48.962141732186545    -2.846741776276449
49.674312482939705    -2.8169599738527893
50.39684199579528    -2.7822745047992843
51.129880942417586    -2.7427787131261674
51.873582186040764    -2.6986777513720988
52.628100813345895    -2.650271500703518
53.393594166801776    -2.597933382876999
54.17022187747612    -2.542088187564419
54.95814589832399    -2.483191258454795
55.75753053796041    -2.4217100985498003
56.56854249492426    -2.3581090506692117
57.39135089244048    -2.2928371159090446
58.226127313687975    -2.226318964631708
59.073045837580466    -2.158949188692492
59.932283075067765    -2.0910897369926715
60.804018205965114    -2.0230698965671374
61.68843301631817    -1.9551879988693734
62.58571193631152    -1.8877144285238996
63.49604207872855    -1.820895332350709
64.41961327797075    -1.7549565990488287
65.35661812964459    -1.6901073459423763
66.3072520307241    -1.6265422345055667
67.27171322029778    -1.5644421286821824
68.25020282090806    -1.5039730432565266
69.2429248804921    -1.4452838594218589
70.25008641493265    -1.3885039479441152
71.27189745122783    -1.3337416024694075
72.30857107128878    -1.2810827367597426
73.36032345637442    -1.2305896184069791
74.42737393217246    -1.1822994764393604
75.50994501453623    -1.1362231587847207
76.60826245588666    -1.0923448742380222
77.72255529228926    -1.050623502382015
78.85305589121582    -1.0109952189722593
80.00000000000082    -0.9733768914991039
81.16362679500274    -0.9376696719337856
82.34417893148023    -0.9037629900497786
83.541902594194    -0.8715385822066302
84.75704754874454    -0.8408745260443466
85.98986719365665    -0.8116492847331247
87.24061861322157    -0.7837449925238036
88.50956263110764    -0.7570496650565448
89.79696386475084    -0.7314585585369557
91.10309078053635    -0.7068748256356221
92.42821574978288    -0.6832095820001118
93.77261510554118    -0.6603817020205245
95.13656920021877    -0.6383175645842187
96.52036246404286    -0.6169510800837255
97.92428346437356    -0.5962239607268423
99.34862496587989    -0.5760858605886878
100.79368399159105    -0.5564937253958939
102.25976188483567    -0.5374104613352584
103.74716437208203    -0.518803878151616
105.25620162669229    -0.5006462596451341
106.78718833360406    -0.4829143417338334
108.34044375495276    -0.4655890349907609
109.9162917966485    -0.4486545405796225
111.51506107592134    -0.43209728318758267
113.13708498984903    -0.41590493143627616
114.78270178488147    -0.40006538346774845
116.45225462737648    -0.3845657162348989
118.14609167516147    -0.3693912396405926
119.86456615013608    -0.3545255209738488
121.60803641193078    -0.33995211203120734
123.3768660326369    -0.3256585156135443
125.17142387262359    -0.3116403908432159
126.99208415745765    -0.297904347562979
128.83922655594208    -0.28446878024091526
130.71323625928977    -0.27136255813961774
132.61450406144883    -0.25862200858883544
134.5434264405962    -0.24628691631997868
136.50040564181674    -0.23439620465537991
138.48584976098482    -0.222984376790217
140.50017282986593    -0.21207907922677527
142.5437949024563    -0.20169956955178225
144.61714214257822    -0.19185557426284172
146.7206469127495    -0.1825464401963428
148.8547478643456    -0.17376068970164016
151.01989002907314    -0.16547654826084413
153.216524911774    -0.1576632397192067
155.4451105845792    -0.15028306725357132
157.70611178243232    -0.14329419226572015
160.00000000000236    -0.13665375701386595
162.3272535900062    -0.13032119580010926
164.6883578629612    -0.124261344375311
167.08380518838874    -0.1184469759349952
169.51409509748981    -0.11286079222544632
171.97973438731407    -0.10749588527185089
174.4812372264439    -0.1023543819482911
177.01912526221608    -0.09744395560018226
179.5939277295025    -0.09277370432634141
182.20618156107355    -0.08835057069162411
184.85643149956664    -0.08417766206876193
187.54523021108326    -0.08025444508196372
190.27313840043846    -0.07657750886993775
193.04072492808663    -0.07314183513090067
195.84856692874806    -0.06994240718041683
198.69724993176072    -0.06697531765906617
201.58736798318304    -0.06423878627352558
204.5195237696723    -0.0617341461390144
207.49432874416505    -0.05946647099072039
210.5124032533856    -0.05744504031863085
213.57437666720915    -0.05568362160656981
216.68088750990657    -0.054200457736833296
219.83258359329807    -0.05301755067730962
223.03012215184378    -0.05215897041997114
226.2741699796992    -0.05164901135382788
229.5654035697641    -0.05151069431830707
232.90450925475412    -0.0517644512911381
236.2921833503241    -0.05242744769295976
239.72913230027333    -0.05351262378894722
243.21607282386276    -0.0550275084138237
246.75373206527502    -0.05697171331790429
250.34284774524843    -0.05933379848399162
253.9841683149166    -0.062089531525208796
257.67845311188546    -0.0652029979669102
261.42647251858085    -0.06863107603014745
265.22900812289896    -0.07233126544742985
269.08685288119375    -0.07626933463130595
273.0008112836349    -0.08042409183994842
276.97169952197106    -0.08478691329863716
281.00034565973334    -0.08935774652928649
285.0875898049141    -0.09414020180436788
289.23428428515797    -0.09913801628978067
293.44129382550057    -0.10435408378316641
297.7094957286928    -0.10979065837406685
302.0397800581479    -0.11544786370373752
306.4330498235497    -0.12132032789784941
310.89022116916016    -0.12739301075981466
315.41222356486645    -0.13363782067318927
320.00000000000654    -0.14001390124856555
324.6545071800142    -0.1464726193469677
329.3767157259242    -0.15296434545164517
334.16761037677935    -0.15944587680882708
339.02819019498156    -0.16588549677432016
343.95946877463007    -0.17226400770237213
348.9624744528898    -0.1785716746907358
354.03825052443415    -0.18480308922134497
359.187855459007    -0.19095151762150125
364.4123631221491    -0.1970033694816974
369.71286299913527    -0.20293367822899266
375.0904604221685    -0.2087031026967523
380.54627680087896    -0.2142566713105767
386.08144985617537    -0.21952412676605348
391.6971338574982    -0.2244208240170507
397.3944998635236    -0.22884962555865856
403.1747359663683    -0.23270435435491665
409.0390475393468    -0.23587352986341925
414.9886574883323    -0.23824404992035036
421.0248065067734    -0.2397043752133573
427.1487533344206    -0.24014655141727415
433.3617750198154    -0.2394677474500193
439.6651671865984    -0.23757154777979073
446.06024430368984    -0.2343695581041887
452.54833995940066    -0.2297849337702974
459.13080713953053    -0.22375849310336748
465.8090185095106    -0.21625531687925859
472.58436670065066    -0.2072671723928139
479.45826460054917    -0.19681063042849312
486.432145647728    -0.18492066923836714
493.50746413055253    -0.17164380099225418
500.6856954904994    -0.15703499580857905
507.9683366298358    -0.1411587447509628
515.3569062237735    -0.12409541069612762
522.8529450371643    -0.10594892010455853
530.4580162458005    -0.08685181480168624
538.1737057623901    -0.06696716715701412
546.0016225672724    -0.04648713422438425
553.9433990439449    -0.025629039599521175
562.0006913194694    -0.004630601719425434
570.1751796098309    0.016258620643772162
578.4685685703187    0.03679248512452757
586.8825876510039    0.05674844590134734
595.4189914573883    0.07594582444565828
604.0795601162986    0.09425849142650183
612.8660996471021    0.1116190927643343
621.780442338323    0.12801545103480189
630.8244471297356    0.14348183428647798
640.0000000000159    0.15808876958986345
649.3090143600314    0.17193612694572924
658.7534314518515    0.1851504722568858
668.3352207535618    0.1978828800043293
678.0563803899662    0.21030360189092048
687.9189375492632    0.22258992197362834
697.9249489057827    0.2349092856191063
708.0765010488715    0.2474036370280504
718.3757109180171    0.2601807528796364
728.8247262443015    0.27331566421593806
739.425725998274    0.2868592989859977
750.1809208443404    0.30084869560885036
761.0925536017613    0.31531402348906223
772.1628997123541    0.33027790963784176
783.3942677149998    0.34574510401361114
794.7889997270506    0.36168949479838186
806.34947193274    0.378043459330213
818.0780950786972    0.3946916462993585
829.9773149766683    0.4114701159575425
842.0496130135506    0.4281693373494448
854.2975066688449    0.4445387632604928
866.7235500396347    0.4602911798248948
879.3303343732008    0.4751068248895461
892.1204886073838    0.48864178495135463
905.0966799188055    0.5005455572161296
918.2616142790653    0.510490143806956
931.6180370190256    0.51820180322445
945.1687334013056    0.5234811099357178
958.9165292011028    0.5262058026984131
972.8642912954606    0.5263223782924885
987.0149282611097    0.523838854494111
1001.3713909810035    0.51882938251141
1015.9366732596762    0.511449666675249
1030.7138124475518    0.5019496727654349
1045.7058900743334    0.49067416086269927
1060.916032491606    0.4780411424735854
1076.3474115247852    0.4645003781748288
1092.0032451345498    0.4504904048991024
1107.8867980878947    0.4364004133475983
1124.0013826389438    0.4225375103687584
1140.350359219667    0.4091004764434842
1156.9371371406426    0.39616767259637914
1173.765175302013    0.3837092283523231
1190.837982914782    0.37162582650567216
1208.1591202326028    0.35979947780346716
1225.73219929421    0.34814278375060326
1243.5608846766518    0.33664228519253553
1261.648894259477    0.32540193866201716
1280.0000000000375    0.3146920929345873
1298.6180287200684    0.30499290895109193
1317.5068629037087    0.29702225196049825
1336.6704415071292    0.29174024876493665
1356.112760779938    0.29033443571775625
1375.8378750985323    0.29418153911006095
1395.8498978115715    0.3047954010525723
1416.153002097749    0.32375931513114686
1436.7514218360407    0.3526549886141086
1457.6494524886093    0.39299165639822453
1478.8514519965543    0.4461085929976969
1500.3618416886875    0.5130570358619497
1522.1851072035295    0.594460010506809
1544.3257994247153    0.6903872491836889
1566.788535430007    0.8003048664279249
1589.5779994541087    0.9231290014971132
1612.6989438654878    1.0573684325712704
1636.156190157402    1.2013128496085392
1659.9546299533442    1.3532186254327065
1684.099226027109    1.511451085840208
1708.5950133376978    1.6745592282179413
1733.4471000792773    1.841278510161252
1758.6606687464096    2.0104747400033527
1784.2409772147755    2.18106485728971
1810.193359837619    2.3519595013232055
1836.5232285581387    2.522057584575777
1863.2360740380593    2.690307658201371
1890.3374668026197    2.8558269830740435
1917.833058402214    3.0180356453674553
1945.7285825909298    3.1767603128380193
1974.0298565222283    3.3322717950917973
2002.7427819620161    3.485241454906153
2031.8733465193618    3.636634723823784
2061.4276248951132    3.7876024297703785
2091.411780148677    3.939397552203217
2121.832064983222    4.093313690216903
2152.694823049581    4.250638363278018
2184.0064902691106    4.412606960682741
2215.7735961758003    4.5803414257397534
2248.002765277899    4.754751709879366
2280.7007184393456    4.936399764282727
2313.874274281297    5.125319909620208
2347.530350604038    5.320851316520572
2381.6759658295764    5.521544001257136
2416.318240465218    5.7251843412276955
2451.4643985884327    5.928966151015586
2487.1217693533167    6.129779252515983
2523.2977885189675    6.324550708717804
2560.0000000000887    6.510527031381704
2597.236057440151    6.685359515387335
2635.0137258074315    6.846997299857484
2673.340883014273    6.993467593778866
2712.225521559891    7.122680672300378
2751.6757501970797    7.232370838974323
2791.699795623158    7.320264375790412
2832.3060041955137    7.384411252987387
2873.502843672097    7.423594683437395
2915.2989049772345    7.437699640928697
2957.7029039931244    7.428034591521541
3000.723683377391    7.397540868826363
3044.370214407075    7.350817900274511
3088.6515988494466    7.293935006624085
3133.57707086003    7.234022560123549
3179.1559989082334    7.17873247978171
3225.3978877309914    7.135670969829399
3272.3123803148205    7.111860817117247
3319.9092599067053    7.11321207786102
3368.198452054235    7.143982132860867
3417.190026675413    7.206232258107508
3466.8942001585724    7.299337142737741
3517.3213374928373    7.419679918251164
3568.4819544295697    7.560698285128035
3620.386719675257    7.713369754346812
3673.0464571162966    7.867056802760115
3726.472148076138    8.010516348527675
3780.6749336052594    8.132885978737706
3835.6661168044484    8.224486123016245
3891.45716518188    8.277407814912207
3948.059713044477    8.286106244547751
4005.4855639240527    8.247754920944226
4063.746693038744    8.162761776552584
4122.855249790247    8.034860872114395
4182.823560297375    7.870825408065509
4243.664129966465    7.679896977547449
4305.389646099183    7.473048254200676
4368.012980538242    7.2622175620543
4431.5471923516225    7.059673062325447
4496.00553055582    6.877529738968745
4561.401436878714    6.727414023167333
4627.748548562617    6.620020927640786
4695.060701208099    6.564634290665909
4763.351931659176    6.568494470539168
4832.63648093046    6.636351679914122
4902.928797176889    6.770035202925165
4974.243538706657    6.968080373243066
5046.595577037959    7.225418677063421
5120.000000000202    7.532759088871634
5194.472114880326    7.876492267876448
5270.027451614888    8.2394308920605
5346.6817660285715    8.602924754687368
5424.451043119808    8.949861661668224
5503.351500394186    9.267455826660871
5583.399591246343    9.548919599829865
5664.612008391055    9.793200506810235
5747.005687344222    10.002616952995664
5830.597809954497    10.17926719220637
5915.405807986278    10.32195583737935
6001.447366754812    10.424667149038783
6088.740428814181    10.477281130535895
6177.303197698925    10.46853570048772
6267.154141720092    10.389837191844718
6358.3119978165005    10.238695921382792
6450.795775462017    10.021086670787613
6544.624760629676    9.75209233761352
6639.818519813445    9.455176306102556
6736.396904108505    9.160072250722328
6834.380053350861    8.89952077751614
6933.788400317181    8.70505685253952
7034.642674985712    8.60198229672696
7136.963908859177    8.604061572501115
7240.773439350552    8.70904840572703
7346.092914232631    8.896773593260429
7452.944296152315    9.131214560564244
7561.349867210557    9.366680390390083
7671.332233608935    9.556362394586133
7782.914330363799    9.660358497753627
7896.119426088994    9.651349482057713
8010.971127848146    9.517731739534826
8127.49338607753    9.263615476455245
8245.710499580537    8.905129181741467
8365.647120594791    8.464855892388726
8487.328259932974    7.965965121858196
8610.77929219841    7.427359920030167
8736.025961076528    6.86107140694314
8863.094384703289    6.272237942226834
8992.011061111683    5.662314870646661
9122.802873757471    5.036422124097895
9255.497097125279    4.413972785297352
9390.121402416245    3.8367855578297814
9526.7038633184    3.366681896579921
9665.272961860968    3.0679025552114854
9805.857594353829    2.9795918658018277
9948.487077413367    3.093807616036508
10093.19115407597    3.35223899153444
10240.000000000457    3.663848938015369
10388.944229760706    3.9340527671457055
10540.05490322983    4.089381426262065
10693.363532057198    4.090673893336061
10848.902086239672    3.9329194318523606
11006.703000788428    3.6381341296926797
11166.799182492743    3.244418174865216
11329.224016782166    2.7950338622261994
11494.0113746885    2.331780458978569
11661.195619909053    1.891915883357186
11830.811615972614    1.5079788662059406
12002.894733509682    1.2091006462199672
12177.48085762842    1.0188442385316994
12354.606395397908    0.9508377447902312
12534.308283440243    1.0011453071976153
12716.62399563306    1.1522795937192774
12901.591550924093    1.37613375736775
13089.249521259411    1.6390607097706285
13279.637039626952    1.9062238193261587
13472.793808217073    2.141061808143899
13668.760106701786    2.303859887112752
13867.576800634426    2.354624391487783
14069.285349971487    2.2602307927274423
14273.927817718419    2.000974820759158
14481.54687870117    1.5715906051001787
14692.18582846533    0.9909210144195585
14905.888592304698    0.301647983920291
15122.699734421185    -0.44434500587836356
15342.664467217943    -1.1997181749497219
15565.828660727671    -1.9346765456437671
15792.238852178061    -2.648001625215295
16021.942255696367    -3.369644190541894
16254.986772155136    -4.1496023972866505
16491.42099916115    -5.033822783231775
16731.294241189662    -6.036802022172166
16974.65651986603    -7.124230549549704
17221.558584396902    -8.204999270856186
17472.051922153143    -9.141410156360482
17726.188769406665    -9.797697210009076
17984.022122223458    -10.116107688100618
18245.605747515034    -10.166152048930323
18510.99419425065    -10.116684676697423
18780.242804832582    -10.149783377769683
19053.40772663689    -10.374510251821631
19330.545923722028    -10.776056904216457
19611.71518870775    -11.215109016733091
19896.974154826825    -11.528398128042413
20186.382308152035    -11.707132786908028
