20    -3.322356909268046
20.290906698750476    -3.1679207786892905
20.586044732869844    -3.0135209937444745
20.885475648548283    -2.8592376750182127
21.189261887185914    -2.7052018813598173
21.49746679841394    -2.551587684788764
21.810154653305165    -2.3986049580392677
22.12739065777668    -2.246493464176563
22.449240966187475    -2.0955161013523704
22.77577269513385    -1.945950590040984
23.107053937445478    -1.7980798350696485
23.44315377638505    -1.6521815800264692
23.784142300054445    -1.5085181533620684
24.130090616010463    -1.3673272161709829
24.481070866093134    -1.228814367005242
24.837156241469714    -1.0931479235034125
25.1984209978975    -0.9604563756480449
25.56494047120865    -0.830827890450708
25.936791093020236    -0.7043117007623145
26.3140504066728    -0.5809203748027532
26.69679708340074    -0.4606323758422768
27.08511093873791    -0.34339457201105716
27.47907294916184    -0.22912510245508777
27.878765268980047    -0.1177168098476038
28.284271247461966    -0.009041480473378272
28.695675446220072    0.09704540748689006
29.11306365684382    0.2006997468278735
29.536522918790062    0.3020841828602645
29.966141537533712    0.40136399888758945
30.402009102982383    0.4987035543376077
30.844216508158908    0.594263296391822
31.29285596815558    0.6881967109040259
31.74802103936409    0.7806469677848096
32.20980663898519    0.8717427213630664
32.67830906482211    0.9615929230687685
33.153626015361866    1.05028071781796
33.63585661014871    1.137856416451307
34.125101410453844    1.2243297834414721
34.62146244024586    1.3096619988880676
35.12504320746613    1.3937579858631413
35.635948725613716    1.4764600334956013
36.15428553564419    1.5575433227730997
36.68016172818701    1.636713778126591
37.21368696608603    1.7136088273770946
37.754972507267915    1.7878012440779294
38.30413122794313    1.858805972812677
38.86127764614443    1.9260898621947025
39.4265279456077    1.989083800819019
40.000000000000206    2.047197067371549
40.58181339750116    2.099833338979405
41.1720894657399    2.1464078920883587
41.77095129709678    2.1863657068902356
42.37852377437204    2.219199967462554
42.9949335968281    2.244470309085834
43.62030930661056    2.261820581091488
44.25478131555359    2.270995655636092
44.89848193237519    2.2718565553185854
45.55154539026795    2.264393080981062
46.21410787489121    2.248733972604313
46.88630755277036    2.225154091881059
47.56828460010916    2.1940785231125197
48.260181232021196    2.156083262261415
48.962141732186545    2.1118931075466474
49.674312482939705    2.0623762105096475
50.39684199579528    2.0085347444820236
51.129880942417586    1.9514913912064618
51.873582186040764    1.8924708874315321
52.628100813345895    1.832777285050066
53.393594166801776    1.7737675448823644
54.17022187747612    1.7168223011984187
54.95814589832399    1.6633142304927038
55.75753053796041    1.614573992578828
56.56854249492426    1.5718540160541643
57.39135089244048    1.5362919707737284
58.226127313687975    1.508876929032752
59.073045837580466    1.49041991639794
59.932283075067765    1.481530304795676
60.804018205965114    1.4825990703418697
61.68843301631817    1.493789409159934
62.58571193631152    1.5150345426495129
63.49604207872855    1.546043950337097
64.41961327797075    1.5863177478761443
65.35661812964459    1.6351685431823917
66.3072520307241    1.6917489006162043
67.27171322029778    1.7550827246478704
68.25020282090806    1.8240987248387412
69.2429248804921    1.8976645167042392
70.25008641493265    1.974620163583518
71.27189745122783    2.0538100776682517
72.30857107128878    2.1341122739159215
73.36032345637442    2.2144639982935717
74.42737393217246    2.2938826376888493
75.50994501453623    2.3714814038326724
76.60826245588666    2.4464790770253533
77.72255529228926    2.518203634638054
78.85305589121582    2.5860908476438507
80.00000000000082    2.6496790049056784
81.16362679500274    2.7086011441339455
82.34417893148023    2.7625759590977683
83.541902594194    2.8113986758098797
84.75704754874454    2.854932791750869
85.98986719365665    2.8931027591301053
87.24061861322157    2.9258877100812093
88.50956263110764    2.953316481252479
89.79696386475084    2.9754637978803444
91.10309078053635    2.9924472451731052
92.42821574978288    3.00442480431874
93.77261510554118    3.0115920651392987
95.13656920021877    3.014177728940055
96.52036246404286    3.0124370639942075
97.92428346437356    3.006643951699786
99.34862496587989    2.9970822630029383
100.79368399159105    2.984037131413241
102.25976188483567    2.967786647485225
103.74716437208203    2.948594777590471
105.25620162669229    2.9267063501873967
106.78718833360406    2.9023444973892927
108.34044375495276    2.875710434368859
109.9162917966485    2.846984654028126
111.51506107592134    2.8163284473933774
113.13708498984903    2.7838846736360257
114.78270178488147    2.7497773321110555
116.45225462737648    2.714110489801018
118.14609167516147    2.676967891654909
119.86456615013608    2.638414098207388
121.60803641193078    2.598496650006379
123.3768660326369    2.5572484880644786
125.17142387262359    2.5146902613276065
126.99208415745765    2.4708322854028832
128.83922655594208    2.4256766636897558
130.71323625928977    2.3792204885624737
132.61450406144883    2.3314595161130867
134.5434264405962    2.282391962237366
136.50040564181674    2.232021895586656
138.48584976098482    2.1803617795804238
140.50017282986593    2.127434233015518
142.5437949024563    2.0732727798631454
144.61714214257822    2.017921024916343
146.7206469127495    1.9614301702921215
148.8547478643456    1.9038552603520553
151.01989002907314    1.8452503619642076
153.216524911774    1.7856631389707533
155.4451105845792    1.7251292229814326
157.70611178243232    1.6636670722009121
160.00000000000236    1.6012742485608311
162.3272535900062    1.5379259016748739
164.6883578629612    1.4735761210590017
167.08380518838874    1.4081610786247996
169.51409509748981    1.3416021613741953
171.97973438731407    1.2738085092417604
174.4812372264439    1.2046783558999403
177.01912526221608    1.1340994061370693
179.5939277295025    1.0619480356808952
182.20618156107355    0.9880880742918201
184.85643149956664    0.9123695461618477
187.54523021108326    0.8346282225284214
190.27313840043846    0.7546865210474842
193.04072492808663    0.6723560094876557
195.84856692874806    0.5874416964654969
198.69724993176072    0.49974787442189683
201.58736798318304    0.4090847756506548
204.5195237696723    0.3152756243669894
207.49432874416505    0.21816283926000501
210.5124032533856    0.11761305505465014
213.57437666720915    0.013521687155047424
216.68088750990657    -0.09418186290352182
219.83258359329807    -0.2055286679703361
223.03012215184378    -0.32050518423730257
226.2741699796992    -0.4390490561366507
229.5654035697641    -0.5610466725124472
232.90450925475412    -0.6863311682715527
236.2921833503241    -0.8146803068553967
239.72913230027333    -0.9458141556777782
243.21607282386276    -1.0793932763216891
246.75373206527502    -1.2150189778628815
250.34284774524843    -1.352235666081945
253.9841683149166    -1.4905347691592863
257.67845311188546    -1.6293594568934893
261.42647251858085    -1.7681086938200217
265.22900812289896    -1.9061407747083208
269.08685288119375    -2.0427758257725754
273.0008112836349    -2.1772968140888005
276.97169952197106    -2.308948289899826
281.00034565973334    -2.436932993485892
285.0875898049141    -2.560407462144296
289.23428428515797    -2.678478150484338
293.44129382550057    -2.790200339717633
297.7094957286928    -2.8945829669193026
302.0397800581479    -2.990601491648828
306.4330498235497    -3.077218887656082
310.89022116916016    -3.153413762196889
315.41222356486645    -3.2182124304066395
320.00000000000654    -3.270721484433775
324.6545071800142    -3.3101579286580094
329.3767157259242    -3.3358780450695615
334.16761037677935    -3.3474035928592745
339.02819019498156    -3.3444454472914114
343.95946877463007    -3.3269228616571365
348.9624744528898    -3.2949763739581233
354.03825052443415    -3.2489735608672383
359.187855459007    -3.1895065949715615
364.4123631221491    -3.1173789211053595
369.71286299913527    -3.0335803968799215
375.0904604221685    -2.939250848564991
380.54627680087896    -2.835634440231762
386.08144985617537    -2.7240300845232026
391.6971338574982    -2.6057450433729734
397.3944998635236    -2.482056780751685
403.1747359663683    -2.3541847577147585
409.0390475393468    -2.223269170177442
414.9886574883323    -2.090353952505378
421.0248065067734    -1.9563718774762395
427.1487533344206    -1.822131238742936
433.3617750198154    -1.6883060635731708
439.6651671865984    -1.5554327997539956
446.06024430368984    -1.423915510629974
452.54833995940066    -1.2940378838755926
459.13080713953053    -1.1659798602342781
465.8090185095106    -1.039837700020082
472.58436670065066    -0.915646731811832
479.45826460054917    -0.7934051727209122
486.432145647728    -0.6730982079204668
493.50746413055253    -0.5547189845913304
500.6856954904994    -0.4382841589681551
507.9683366298358    -0.3238406917545277
515.3569062237735    -0.21146298449972
522.8529450371643    -0.1012426309606782
530.4580162458005    0.006725477495550747
538.1737057623901    0.11236002358724906
546.0016225672724    0.21561079789244486
553.9433990439449    0.31647229220538353
562.0006913194694    0.41499070478835787
570.1751796098309    0.5112618091976029
578.4685685703187    0.6054204771858126
586.8825876510039    0.6976223846013615
595.4189914573883    0.7880196497296675
604.0795601162986    0.8767390192251122
612.8660996471021    0.9638691653201585
621.780442338323    1.0494592182442735
630.8244471297356    1.133526331658547
640.0000000000159    1.2160662102439577
649.3090143600314    1.297057742064522
658.7534314518515    1.376462605174328
668.3352207535618    1.4542215560855767
678.0563803899662    1.5302536874764232
687.9189375492632    1.6044590370176999
697.9249489057827    1.676723487560923
708.0765010488715    1.7469228162273525
718.3757109180171    1.8149251346242934
728.8247262443015    1.8805940462349109
739.425725998274    1.9437911019868506
750.1809208443404    2.0043774233675276
761.0925536017613    2.062212949519831
772.1628997123541    2.1171527109746
783.3942677149998    2.1690421863912466
794.7889997270506    2.217714734281216
806.34947193274    2.262995776925668
818.0780950786972    2.304714813456307
829.9773149766683    2.3427241835349983
842.0496130135506    2.3769236118770554
854.2975066688449    2.4072877264743098
866.7235500396347    2.4338907778880037
879.3303343732008    2.4569217546506006
892.1204886073838    2.4766866661437854
905.0966799188055    2.4936020664447747
918.2616142790653    2.5081851631309746
931.6180370190256    2.5210470911225853
945.1687334013056    2.532887696263582
958.9165292011028    2.5444855038654928
972.8642912954606    2.5566795553450907
987.0149282611097    2.5703420688744387
1001.3713909810035    2.586342969916977
1015.9366732596762    2.6055106479755774
1030.7138124475518    2.6285947560120153
1045.7058900743334    2.656233210217275
1060.916032491606    2.688923224405184
1076.3474115247852    2.726996040711051
1092.0032451345498    2.7705979258150366
1107.8867980878947    2.8196767186845726
1124.0013826389438    2.873971018872554
1140.350359219667    2.933003199250605
1156.9371371406426    2.9960832444864027
1173.765175302013    3.0623269178368475
1190.837982914782    3.130695754937374
1208.1591202326028    3.200055160154867
1225.73219929421    3.269246270778443
1243.5608846766518    3.3371592977902407
1261.648894259477    3.402800193348893
1280.0000000000375    3.465350294082382
1298.6180287200684    3.52421232082862
1317.5068629037087    3.5790423733058834
1336.6704415071292    3.629763586412344
1356.112760779938    3.6765881939242484
1375.8378750985323    3.7200196439374986
1395.8498978115715    3.76084292475473
1416.153002097749    3.8001070631740093
1436.7514218360407    3.8390976063637217
1457.6494524886093    3.8792954450698787
1478.8514519965543    3.922328979634022
1500.3618416886875    3.969914831156437
1522.1851072035295    4.02378116607616
1544.3257994247153    4.08558353951966
1566.788535430007    4.15682272219626
1589.5779994541087    4.2387591832720455
1612.6989438654878    4.332326812240096
1636.156190157402    4.438049473815707
1659.9546299533442    4.555968668523207
1684.099226027109    4.685596851748006
1708.5950133376978    4.825917967950723
1733.4471000792773    4.975445445038185
1758.6606687464096    5.132324508976973
1784.2409772147755    5.294462392621793
1810.193359837619    5.459666959117487
1836.5232285581387    5.625779731734715
1863.2360740380593    5.790797213747507
1890.3374668026197    5.952979546077344
1917.833058402214    6.1109406737508145
1945.7285825909298    6.263719804298535
1974.0298565222283    6.4108311908088105
2002.7427819620161    6.5522820646374775
2031.8733465193618    6.688552027680356
2061.4276248951132    6.820523017107238
2091.411780148677    6.94938465919242
2121.832064983222    7.07650372965269
2152.694823049581    7.203256356985481
2184.0064902691106    7.33083675022266
2215.7735961758003    7.460078613401852
2248.002765277899    7.5913195806055285
2280.7007184393456    7.72437557103423
2313.874274281297    7.858609961488742
2347.530350604038    7.993088969620145
2381.6759658295764    8.126782161832256
2416.318240465218    8.25874550271689
2451.4643985884327    8.388248616954515
2487.1217693533167    8.514836210515679
2523.2977885189675    8.638299897296973
2560.0000000000887    8.758592651388913
2597.236057440151    8.87568759308031
2635.0137258074315    8.9894114142862
2673.340883014273    9.099276279235216
2712.225521559891    9.204346169838303
2751.6757501970797    9.303179888863557
2791.699795623158    9.393867590023115
2832.3060041955137    9.474138047781263
2873.502843672097    9.541520114997532
2915.2989049772345    9.593522257599682
2957.7029039931244    9.627836674837233
3000.723683377391    9.642580498928597
3044.370214407075    9.636586526735435
3088.6515988494466    9.609721562874713
3133.57707086003    9.563163891282906
3179.1559989082334    9.499613617573118
3225.3978877309914    9.423451801405134
3272.3123803148205    9.340771795085523
3319.9092599067053    9.259296547055033
3368.198452054235    9.188144873800152
3417.190026675413    9.137373898393983
3466.8942001585724    9.117245980599657
3517.3213374928373    9.137243616002943
3568.4819544295697    9.204910033154745
3620.386719675257    9.324675334948612
3673.0464571162966    9.496902558354092
3726.472148076138    9.717332653064163
3780.6749336052594    9.977068276263942
3835.6661168044484    10.263142079396575
3891.45716518188    10.559568394667675
3948.059713044477    10.848534152068426
4005.4855639240527    11.111726444537709
4063.746693038744    11.331823996349211
4122.855249790247    11.493764119521703
4182.823560297375    11.585786277619215
4243.664129966465    11.60017112008814
4305.389646099183    11.533517364326528
4368.012980538242    11.386475858459775
4431.5471923516225    11.163192840170968
4496.00553055582    10.870431438334583
4561.401436878714    10.516443348920916
4627.748548562617    10.110120725306446
4695.060701208099    9.660322703232515
4763.351931659176    9.175477790102356
4832.63648093046    8.663363368082523
4902.928797176889    8.131138086134122
4974.243538706657    7.585577159256907
5046.595577037959    7.033494123174722
5120.000000000202    6.482388761006484
5194.472114880326    5.9412536036393995
5270.027451614888    5.421319552053332
5346.6817660285715    4.936403424594008
5424.451043119808    4.502494404944625
5503.351500394186    4.136309357421109
5583.399591246343    3.852872459430589
5664.612008391055    3.6628315592560554
5747.005687344222    3.5706967028397365
5830.597809954497    3.5747779972393943
5915.405807986278    3.6678800821892703
6001.447366754812    3.8384862827895114
6088.740428814181    4.072227279236399
6177.303197698925    4.353463543041118
6267.154141720092    4.666892118431779
6358.3119978165005    4.998675413803478
6450.795775462017    5.3370082250136095
6544.624760629676    5.672247432809743
6639.818519813445    5.996696323225853
6736.396904108505    6.304246180414762
6834.380053350861    6.590004814096841
6933.788400317181    6.849886133864929
7034.642674985712    7.080182799838724
7136.963908859177    7.277213976189248
7240.773439350552    7.437188166433942
7346.092914232631    7.556177248792298
7452.944296152315    7.630036492048552
7561.349867210557    7.6542263165560325
7671.332233608935    7.623509162124264
7782.914330363799    7.531626620948748
7896.119426088994    7.371726026312829
8010.971127848146    7.138124181215359
8127.49338607753    6.829283157316713
8245.710499580537    6.450860923248735
8365.647120594791    6.018341085970777
8487.328259932974    5.558300908888338
8610.77929219841    5.1069942942948705
8736.025961076528    4.706172491858665
8863.094384703289    4.3963476304992355
8992.011061111683    4.209054376399101
9122.802873757471    4.160447591058855
9255.497097125279    4.2474683336658146
9390.121402416245    4.448457420925069
9526.7038633184    4.728264559473797
9665.272961860968    5.045164245708469
9805.857594353829    5.357113593222812
9948.487077413367    5.625856795647154
10093.19115407597    5.819419693355792
10240.000000000457    5.913983366718865
10388.944229760706    5.894763301418848
10540.05490322983    5.757259273215918
10693.363532057198    5.5083633518807416
10848.902086239672    5.165388903522878
11006.703000788428    4.754766329893847
11166.799182492743    4.309595196932092
11329.224016782166    3.866473706520919
11494.0113746885    3.461932618040372
11661.195619909053    3.1266609911626957
11830.811615972614    2.8768650002183844
12002.894733509682    2.710312291073792
12177.48085762842    2.6035173602444317
12354.606395397908    2.517248180595453
12534.308283440243    2.4037074472854476
12716.62399563306    2.219109450521948
12901.591550924093    1.9367083626909478
13089.249521259411    1.5525962844241743
13279.637039626952    1.0788541250643184
13472.793808217073    0.5455817882464749
13668.760106701786    0.003461430085435372
13867.576800634426    -0.4827231991231945
14069.285349971487    -0.8480848795058054
14273.927817718419    -1.0438182179694326
14481.54687870117    -1.0469826017299595
14692.18582846533    -0.8758817531749714
14905.888592304698    -0.586193720874211
15122.699734421185    -0.24662529543384246
15342.664467217943    0.07821612705349781
15565.828660727671    0.33511421121431373
15792.238852178061    0.48426226203858713
16021.942255696367    0.49874882704830314
16254.986772155136    0.3629568790340346
16491.42099916115    0.07173276244107424
16731.294241189662    -0.369951495756918
16974.65651986603    -0.949539405638544
17221.558584396902    -1.6505173661430677
17472.051922153143    -2.4545001994618376
17726.188769406665    -3.340130502639193
17984.022122223458    -4.277179978622547
18245.605747515034    -5.220520458617408
18510.99419425065    -6.113262385751941
18780.242804832582    -6.905020226802296
19053.40772663689    -7.575468183368673
19330.545923722028    -8.135651168778018
19611.71518870775    -8.596081823495412
19896.974154826825    -8.9449376598783
20186.382308152035    -9.19629037157478
