20    -7.038678231532247
20.290906698750476    -6.909077504780741
20.586044732869844    -6.779514778542439
20.885475648548283    -6.6500528043260125
21.189261887185914    -6.520780267175528
21.49746679841394    -6.391803900358903
21.810154653305165    -6.263236088446368
22.12739065777668    -6.1351784247005945
22.449240966187475    -6.007704611222305
22.77577269513385    -5.880848343096954
23.107053937445478    -5.754598514855403
23.44315377638505    -5.628905963928308
23.784142300054445    -5.503700590392828
24.130090616010463    -5.378913517195409
24.481070866093134    -5.254497182237116
24.837156241469714    -5.130438038695362
25.1984209978975    -5.006757799224403
25.56494047120865    -4.883505597898551
25.936791093020236    -4.760744714059101
26.3140504066728    -4.638538867871119
26.69679708340074    -4.516941454080057
27.08511093873791    -4.395989293722295
27.47907294916184    -4.275701019650485
27.878765268980047    -4.156078320953656
28.284271247461966    -4.03710851507302
28.695675446220072    -3.9187673141246893
29.11306365684382    -3.8010217266101716
29.536522918790062    -3.6838340989807916
29.966141537533712    -3.567168681100682
30.402009102982383    -3.451001604223478
30.844216508158908    -3.3353333793661175
31.29285596815558    -3.2202009414744097
31.74802103936409    -3.105685615439087
32.20980663898519    -2.991915251963001
32.67830906482211    -2.87905989092913
33.153626015361866    -2.7673223925350894
33.63585661014871    -2.6569259957950866
34.125101410453844    -2.548101133676516
34.62146244024586    -2.4410733978783714
35.12504320746613    -2.336053827841753
35.635948725613716    -2.233232030502144
36.15428553564419    -2.132772267320928
36.68016172818701    -2.0348121468353346
37.21368696608603    -1.939463206395235
37.754972507267915    -1.846812213369665
38.30413122794313    -1.7569221586936141
38.86127764614443    -1.6698318561765682
39.4265279456077    -1.5855538553655268
40.000000000000206    -1.5040713349357606
40.58181339750116    -1.4253349958293242
41.1720894657399    -1.3492618682582993
41.77095129709678    -1.2757371626466947
42.37852377437204    -1.2046191602305463
42.9949335968281    -1.1357461732945522
43.62030930661056    -1.0689440032999507
44.25478131555359    -1.0040327726912457
44.89848193237519    -0.9408329842190373
45.55154539026795    -0.8791712538029959
46.21410787489121    -0.8188862831012527
46.88630755277036    -0.7598352688056553
47.56828460010916    -0.7018998764517597
48.260181232021196    -0.6449907697490658
48.962141732186545    -0.5890497345120713
49.674312482939705    -0.534049426416741
50.39684199579528    -0.4799915906304233
51.129880942417586    -0.4269047420760894
51.873582186040764    -0.3748422220138994
52.628100813345895    -0.3238807766439833
53.393594166801776    -0.274119260947602
54.17022187747612    -0.22567691432386994
54.95814589832399    -0.17869060679701665
55.75753053796041    -0.1333105348881194
56.56854249492426    -0.08969445518202246
57.39135089244048    -0.048001573100465045
58.226127313687975    -0.008387228691671744
59.073045837580466    0.029001544565650406
59.932283075067765    0.0640297012208908
60.804018205965114    0.09657727954213424
61.68843301631817    0.12654212632443684
62.58571193631152    0.15384211098443412
63.49604207872855    0.1784162865547998
64.41961327797075    0.20022489206104588
65.35661812964459    0.21924865690605255
66.3072520307241    0.23548780213436515
67.27171322029778    0.24896126048044565
68.25020282090806    0.2597064799723183
69.2429248804921    0.2677797123181733
70.25008641493265    0.2732566781070238
71.27189745122783    0.27623332835232706
72.30857107128878    0.2768262071359189
73.36032345637442    0.27517228669604865
74.42737393217246    0.27142808306374633
75.50994501453623    0.26576734316581074
76.60826245588666    0.2583768478797346
77.72255529228926    0.24945060512780115
78.85305589121582    0.23918344649960943
80.00000000000082    0.22776493304075363
81.16362679500274    0.21537429115744322
82.34417893148023    0.20217698853080512
83.541902594194    0.18832280730781759
84.75704754874454    0.17394508052002022
85.98986719365665    0.15916088317634935
87.24061861322157    0.14407204830571618
88.50956263110764    0.12876661309476695
89.79696386475084    0.11332049425323543
91.10309078053635    0.09779861826314158
92.42821574978288    0.08225486478111119
93.77261510554118    0.06673091126726527
95.13656920021877    0.05125468492630189
96.52036246404286    0.03583983488609721
97.92428346437356    0.020486909065022874
99.34862496587989    0.005185610249688277
100.79368399159105    -0.010082448757494672
102.25976188483567    -0.02534064398587612
103.74716437208203    -0.040614271767969584
105.25620162669229    -0.05592829941569526
106.78718833360406    -0.07130662502377288
108.34044375495276    -0.08677246533627547
109.9162917966485    -0.1023486108308638
111.51506107592134    -0.11805660763056913
113.13708498984903    -0.1339149177340781
114.78270178488147    -0.14993701338086007
116.45225462737648    -0.16612997952761632
118.14609167516147    -0.18249367984809023
119.86456615013608    -0.1990204603820906
121.60803641193078    -0.2156951922757035
123.3768660326369    -0.23249565930199623
125.17142387262359    -0.24939366341457278
126.99208415745765    -0.2663567069813584
128.83922655594208    -0.28334946194092275
130.71323625928977    -0.3003340791605264
132.61450406144883    -0.3172693030786644
134.5434264405962    -0.3341091161992462
136.50040564181674    -0.35080164056432966
138.48584976098482    -0.3672888711228176
140.50017282986593    -0.38350771183935967
142.5437949024563    -0.39939169487119475
144.61714214257822    -0.41487298992512256
146.7206469127495    -0.4298850104387536
148.8547478643456    -0.44436531391611067
151.01989002907314    -0.4582591213641495
153.216524911774    -0.47152279939814823
155.4451105845792    -0.4841261539713553
157.70611178243232    -0.4960530497496143
160.00000000000236    -0.5073009856608139
162.3272535900062    -0.5178806190123832
164.6883578629612    -0.5278155458648839
167.08380518838874    -0.5371412018807897
169.51409509748981    -0.5459011555327505
171.97973438731407    -0.5541410149384611
174.4812372264439    -0.5619020528365234
177.01912526221608    -0.569216621263099
179.5939277295025    -0.5761066648578254
182.20618156107355    -0.5825847578065849
184.85643149956664    -0.5886555370870156
187.54523021108326    -0.5943157429771481
190.27313840043846    -0.5995522198932155
193.04072492808663    -0.6043382632597528
195.84856692874806    -0.6086308490303446
198.69724993176072    -0.6123704423651253
201.58736798318304    -0.6154834613215128
204.5195237696723    -0.6178868202145155
207.49432874416505    -0.6194927626440875
210.5124032533856    -0.6202131326918525
213.57437666720915    -0.6199629823578063
216.68088750990657    -0.6186639429857754
219.83258359329807    -0.6162477672427757
223.03012215184378    -0.6126588347262893
226.2741699796992    -0.6078557972761809
229.5654035697641    -0.6018123047010593
232.90450925475412    -0.5945173742084173
236.2921833503241    -0.5859761876437095
239.72913230027333    -0.5762120287761818
243.21607282386276    -0.565269900876199
246.75373206527502    -0.5532207088028331
250.34284774524843    -0.5401641774758263
253.9841683149166    -0.5262294315274234
257.67845311188546    -0.511571943032223
261.42647251858085    -0.49636732844494647
265.22900812289896    -0.48080367712823247
269.08685288119375    -0.4650741830047307
273.0008112836349    -0.44937018624045993
276.97169952197106    -0.43387513335588523
281.00034565973334    -0.4187587813118281
285.0875898049141    -0.4041728731727189
289.23428428515797    -0.39024867764141824
293.44129382550057    -0.3770968725563302
297.7094957286928    -0.36481023764147014
302.0397800581479    -0.3534675255070924
306.4330498235497    -0.34313825544959065
310.89022116916016    -0.3338878051877331
315.41222356486645    -0.32578181248689064
320.00000000000654    -0.31888857743059873
324.6545071800142    -0.31328035292655865
329.3767157259242    -0.3090329093468196
334.16761037677935    -0.3062236454030016
339.02819019498156    -0.30492982935123836
343.95946877463007    -0.3052285901744982
348.9624744528898    -0.307201055351471
354.03825052443415    -0.31094044359989925
359.187855459007    -0.316561010712467
364.4123631221491    -0.32420503941910894
369.71286299913527    -0.33404459557206323
375.0904604221685    -0.3462762446292684
380.54627680087896    -0.36110830258991067
386.08144985617537    -0.37874159709288713
391.6971338574982    -0.3993434150943531
397.3944998635236    -0.4230160472539968
403.1747359663683    -0.4497612035660883
409.0390475393468    -0.47944147550375993
414.9886574883323    -0.5117419731936281
421.0248065067734    -0.5461366122152891
427.1487533344206    -0.5818663103496973
433.3617750198154    -0.6179374517565477
439.6651671865984    -0.6531447187446636
446.06024430368984    -0.6861204913080632
452.54833995940066    -0.7154066735604547
459.13080713953053    -0.7395420279473801
465.8090185095106    -0.7571570856986223
472.58436670065066    -0.7670648473632093
479.45826460054917    -0.7683384185208206
486.432145647728    -0.7603644963107996
493.50746413055253    -0.7428688139435975
500.6856954904994    -0.7159137196916134
507.9683366298358    -0.6798659314353799
515.3569062237735    -0.6353426801507216
522.8529450371643    -0.5831466212743548
530.4580162458005    -0.5241997112996755
538.1737057623901    -0.4594863001091385
546.0016225672724    -0.39000743307950114
553.9433990439449    -0.3167461113636696
562.0006913194694    -0.240643285189315
570.1751796098309    -0.16258018056277967
578.4685685703187    -0.08336853303793357
586.8825876510039    -0.003747860760878241
595.4189914573883    0.07561321833155496
604.0795601162986    0.15411457384128796
612.8660996471021    0.2312253291031161
621.780442338323    0.30648961511236916
630.8244471297356    0.37953633778418905
640.0000000000159    0.4500880646142442
649.3090143600314    0.5179634913863599
658.7534314518515    0.5830744505953295
668.3352207535618    0.6454181774454724
678.0563803899662    0.7050667178757617
687.9189375492632    0.7621534110961189
697.9249489057827    0.8168559112489299
708.0765010488715    0.8693758565954826
718.3757109180171    0.919913407843698
728.8247262443015    0.9686371061431441
739.425725998274    1.015652156828599
750.1809208443404    1.0609701542404069
761.0925536017613    1.104489730550116
772.1628997123541    1.1459948588484916
783.3942677149998    1.1851645951263428
794.7889997270506    1.2215885764140486
806.34947193274    1.2547830156544384
818.0780950786972    1.2842058034363175
829.9773149766683    1.3092733490091417
842.0496130135506    1.3293837208098962
854.2975066688449    1.3439512694576585
866.7235500396347    1.3524590224409638
879.3303343732008    1.3545327208205322
892.1204886073838    1.3500303952137456
905.0966799188055    1.339131195395286
918.2616142790653    1.3223994697678856
931.6180370190256    1.3008112663586726
945.1687334013056    1.2757215805630264
958.9165292011028    1.248774737420728
972.8642912954606    1.2217718232310817
987.0149282611097    1.1965130959968096
1001.3713909810035    1.1746433449928892
1015.9366732596762    1.157522907322994
1030.7138124475518    1.1461489963079363
1045.7058900743334    1.1411314779249384
1060.916032491606    1.1427191191815658
1076.3474115247852    1.150864109949942
1092.0032451345498    1.1653027919109409
1107.8867980878947    1.1856354569113379
1124.0013826389438    1.2113937180486793
1140.350359219667    1.2420877977357203
1156.9371371406426    1.2772332992753732
1173.765175302013    1.3163636578738296
1190.837982914782    1.3590373560026627
1208.1591202326028    1.4048314693695003
1225.73219929421    1.4533143156154942
1243.5608846766518    1.5039987131781725
1261.648894259477    1.5562846789705698
1280.0000000000375    1.6094160810755274
1298.6180287200684    1.6624745797534017
1317.5068629037087    1.714410706717875
1336.6704415071292    1.7641086421905707
1356.112760779938    1.8104802480574846
1375.8378750985323    1.852602806573112
1395.8498978115715    1.8898907783165086
1416.153002097749    1.9222645611979114
1436.7514218360407    1.9502591692332905
1457.6494524886093    1.9750173893775336
1478.8514519965543    1.9981907305375635
1500.3618416886875    2.0217256340119563
1522.1851072035295    2.047585637633052
1544.3257994247153    2.0774725901560847
1566.788535430007    2.112626835480118
1589.5779994541087    2.1537405973877295
1612.6989438654878    2.200971206499638
1636.156190157402    2.2540168587140927
1659.9546299533442    2.312215008317929
1684.099226027109    2.3746341922901584
1708.5950133376978    2.440152349652454
1733.4471000792773    2.5075358255030573
1758.6606687464096    2.5755469383290577
1784.2409772147755    2.6431049242144624
1810.193359837619    2.70948052928255
1836.5232285581387    2.7744604160337665
1863.2360740380593    2.8384081065139117
1890.3374668026197    2.902208145292415
1917.833058402214    2.9671487578268856
1945.7285825909298    3.0348365358938754
1974.0298565222283    3.107206538884856
2002.7427819620161    3.186623645662205
2031.8733465193618    3.2759829941545195
2061.4276248951132    3.37868553351626
2091.411780148677    3.4983735769346476
2121.832064983222    3.638429213217494
2152.694823049581    3.801375640027632
2184.0064902691106    3.988409563718836
2215.7735961758003    4.199281247825695
2248.002765277899    4.4324251773314955
2280.7007184393456    4.685380353003531
2313.874274281297    4.955265328700858
2347.530350604038    5.239211829258982
2381.6759658295764    5.53467776842013
2416.318240465218    5.839614713892698
2451.4643985884327    6.152493201041102
2487.1217693533167    6.472200429747474
2523.2977885189675    6.79784225825685
2560.0000000000887    7.12849171350308
2597.236057440151    7.46291054814342
2635.0137258074315    7.79925282648723
2673.340883014273    8.134769861198222
2712.225521559891    8.46558225300905
2751.6757501970797    8.78664979888304
2791.699795623158    9.092048704364743
2832.3060041955137    9.375573466879498
2873.502843672097    9.631534042381341
2915.2989049772345    9.855522815786994
2957.7029039931244    10.045031765386916
3000.723683377391    10.199795091476455
3044.370214407075    10.321759835280197
3088.6515988494466    10.414643453109866
3133.57707086003    10.483127064976655
3179.1559989082334    10.532010858571947
3225.3978877309914    10.565609365291023
3272.3123803148205    10.587389165108018
3319.9092599067053    10.599769768113141
3368.198452054235    10.603982410590408
3417.190026675413    10.599982716417998
3466.8942001585724    10.586565211212406
3517.3213374928373    10.561828417185174
3568.4819544295697    10.523955239803891
3620.386719675257    10.472079819093205
3673.0464571162966    10.406942771531046
3726.472148076138    10.33107135000413
3780.6749336052594    10.248422726436425
3835.6661168044484    10.163694892551064
3891.45716518188    10.081630928728048
3948.059713044477    10.006502922152475
4005.4855639240527    9.941866036747703
4063.746693038744    9.890416325966157
4122.855249790247    9.853885321952854
4182.823560297375    9.832741828490056
4243.664129966465    9.82567773509905
4305.389646099183    9.829169974064378
4368.012980538242    9.837583625227126
4431.5471923516225    9.844123144504067
4496.00553055582    9.842401608405307
4561.401436878714    9.827911183891345
4627.748548562617    9.798693733117574
4695.060701208099    9.754717943918683
4763.351931659176    9.696358138927028
4832.63648093046    9.622798332196032
4902.928797176889    9.53125625174282
4974.243538706657    9.417422460317063
5046.595577037959    9.276629746016384
5120.000000000202    9.10481311266829
5194.472114880326    8.898578317117984
5270.027451614888    8.65545213339432
5346.6817660285715    8.375780635247962
5424.451043119808    8.066985396439495
5503.351500394186    7.748301664038988
5583.399591246343    7.452162214595991
5664.612008391055    7.218984358038231
5747.005687344222    7.086762259550301
5830.597809954497    7.081201616239286
5915.405807986278    7.209628239308799
6001.447366754812    7.459521547114003
6088.740428814181    7.801178779189655
6177.303197698925    8.193514810859584
6267.154141720092    8.59195029964553
6358.3119978165005    8.956020423219522
6450.795775462017    9.255039675302603
6544.624760629676    9.470747020590315
6639.818519813445    9.597296847889979
6736.396904108505    9.639170085683212
6834.380053350861    9.608120664240804
6933.788400317181    9.52038785601237
7034.642674985712    9.39476765030717
7136.963908859177    9.251317601054042
7240.773439350552    9.11014139120205
7346.092914232631    8.989626411637053
7452.944296152315    8.903965654763681
7561.349867210557    8.860444505246006
7671.332233608935    8.857514795722132
7782.914330363799    8.884589217283688
7896.119426088994    8.923138405146283
8010.971127848146    8.948992467933705
8127.49338607753    8.9363599508106
8245.710499580537    8.86328293000453
8365.647120594791    8.717412616722212
8487.328259932974    8.500179139002036
8610.77929219841    8.22725270820017
8736.025961076528    7.925625107403538
8863.094384703289    7.6273106246576745
8992.011061111683    7.361167931937312
9122.802873757471    7.145291887211808
9255.497097125279    6.981899376789129
9390.121402416245    6.857114524395516
9526.7038633184    6.746584580149119
9665.272961860968    6.623958133764325
9805.857594353829    6.4684230031933705
9948.487077413367    6.268332762750295
10093.19115407597    6.02031759279131
10240.000000000457    5.724721344767653
10388.944229760706    5.379393505822899
10540.05490322983    4.975826342830879
10693.363532057198    4.500148119661623
10848.902086239672    3.9387807930203933
11006.703000788428    3.287335943337707
11166.799182492743    2.55937777395325
11329.224016782166    1.7921888276167288
11494.0113746885    1.0477068364955964
11661.195619909053    0.4025015725041367
11830.811615972614    -0.0748746243682184
12002.894733509682    -0.3477717248171203
12177.48085762842    -0.428398171794801
12354.606395397908    -0.36674339696466923
12534.308283440243    -0.22878556821247364
12716.62399563306    -0.06211208003954073
12901.591550924093    0.11868221645828711
13089.249521259411    0.3224105168377829
13279.637039626952    0.5605469355491067
13472.793808217073    0.8236508131417603
13668.760106701786    1.0731621397689604
13867.576800634426    1.2542003165040536
14069.285349971487    1.3190186411011358
14273.927817718419    1.2450226982111996
14481.54687870117    1.0373957299108536
14692.18582846533    0.7301898270286376
14905.888592304698    0.37612785245340485
15122.699734421185    0.026763255234036012
15342.664467217943    -0.28415282397642855
15565.828660727671    -0.5540704477531148
15792.238852178061    -0.819608758035319
16021.942255696367    -1.1518054027946931
16254.986772155136    -1.6339368892538104
16491.42099916115    -2.327392136544119
16731.294241189662    -3.239747485494676
16974.65651986603    -4.313394744331487
17221.558584396902    -5.436882148066316
17472.051922153143    -6.47708100276611
17726.188769406665    -7.321133897761602
17984.022122223458    -7.90695914197619
18245.605747515034    -8.230409131488182
18510.99419425065    -8.337374520764381
18780.242804832582    -8.313665527709151
19053.40772663689    -8.274152639910454
19330.545923722028    -8.340297713357405
19611.71518870775    -8.586399228245327
19896.974154826825    -8.969483113729376
20186.382308152035    -9.36422017348679
