20.286665068273162    80.14651053135587
20.890662966721163    80.14651053135587
21.512643784495808    80.14651053135587
22.15314292973072    80.14651053135587
22.812711751345542    80.14651053135587
23.49191801365338    80.14651053135587
24.19134638509872    80.14651053135587
24.91159894154668    80.14651053135587
25.6532956845567    80.14651053135587
26.417075075086974    80.14651053135587
27.203594583088776    80.14651053135587
28.013531253464123    80.14651053135587
28.847582288873664    80.14651053135587
29.706465649896618    80.14651053135587
30.590920673059408    80.14651053135587
31.501708707264886    80.14651053135587
32.4396137691701    80.14651053135587
33.405443218076705    80.14651053135587
34.40002845091507    80.14651053135587
35.424225617920044    80.14651053135587
36.47891635961487    80.14651053135587
37.565008565737315    80.14651053135587
38.683437156761386    80.14651053135587
39.835164888687615    80.15222490657428
41.02118318179413    80.14651053135587
42.2425129740626    80.14651053135587
43.500205600013174    80.14651053135587
44.795343695705135    80.1579392817927
46.1290421306823    80.15222490657428
47.502448967665345    80.14651053135587
48.91674645081719    80.19793990832154
50.373152023432205    80.18651115788472
51.8729193759251    80.20936865875836
53.417339525022    80.21508303397677
55.00774192508209    80.21508303397677
56.64549561250705    80.21508303397677
58.33201038422312    80.21508303397677
60.068738011250325    80.21508303397677
61.857173488403255    80.21508303397677
63.69885632119965    80.21508303397677
65.59537185108417    80.21508303397677
67.54835262010825    80.21508303397677
69.5594797762408    80.21508303397677
71.63048452051945    80.21508303397677
73.76314959728796    80.21508303397677
75.95931082880278    80.21508303397677
78.22085869552963    80.21508303397677
80.54973996349048    80.21508303397677
82.94795936006194    80.2379405348504
85.41758129966703    80.2493692852872
87.96073166084672    80.26079803572402
90.5795996162401    80.28365553659765
93.27643951704925    80.28365553659765
95.81902042432539    80.28365553659765
101.36150649788436    80.28365553659765
104.37935771700822    80.28365553659765
107.48705986964161    80.28365553659765
110.68728810100089    80.30651303747128
113.98279720379912    80.35222803921855
117.37642398960267    80.35222803921855
120.87108973079138    80.35222803921855
124.46980267522162    80.35222803921855
128.17566063576172    80.35222803921855
131.9918536569232    80.36937116487377
135.92166676088766    80.38651429052899
139.96848277529105    80.40365741618422
144.13578524520003    80.42080054183943
148.427161431787    80.42080054183943
152.84630540028516    80.42080054183943
157.3970211998817    80.4665155435867
162.0832261382864    80.48937304446032
166.90895415379458    80.48937304446032
171.8783592877468    80.50080179489714
176.99571926037467    80.5579455470812
182.26543915311086    80.5579455470812
187.69205520053376    80.5579455470812
193.2802386952078    80.60366054882847
199.0348000087877    80.6265180497021
204.96069273283783    80.6322324249205
211.06301794294288    80.68366180188617
220.55885013742224    80.7065193027598
227.12558160948944    80.76366305494388
233.88782535503495    80.7865205558175
240.8514023900771    80.83223555756476
248.02230704060864    80.87223618409362
255.40671210258387    80.90652243540406
263.01097415552886    80.96938056280655
270.8416390343582    81.00938118933539
278.9054474641037    81.03795306542743
287.20934086240675    81.0950968176115
295.76046731476924    81.14652619457718
304.5661877277068    81.19795557154283
313.63408216510004    81.2493849485085
322.97195637319953    81.31224307591098
332.58784849990207    81.37510120331348
342.49003601407566    81.45510245637118
352.6870428309037    81.50653183333684
363.18764664936225    81.57510433595773
374.0008865081682    81.64939121379703
385.1360705666806    81.71224934119951
396.60278411747504    81.79225059425721
408.4108978374681    81.87225184731491
420.57057628470983    81.94653872515421
433.0922866481497    82.02653997821191
445.9868077579118    82.11796998170644
459.26523936383376    82.20939998520095
472.93901169025713    82.30082998869547
487.01989527529406    82.38654561697159
501.5200111030393    82.48940437090292
516.4518410374529    82.58083437439743
531.828238566885    82.67226437789195
547.6624398685115    82.7808375070417
563.968075202177    82.8608387600994
580.7591806434859    82.98084063968595
598.0502101662055    83.06655626796206
615.85604808442    83.19227252276703
634.1920218651092    83.27227377582473
653.0739153222096    83.38084690497448
672.5179822034991    83.46084815803218
692.5409601820072    83.54656378630828
713.1600852639939    83.6379937898028
734.3931066258986    83.71799504286051
756.2583018930327    83.80942504635503
778.7744928731655    83.8665687985391
801.9610617585539    83.94085567637839
829.8860025967296    84.02657130465451
854.5943220683105    84.10085818249381
880.0382860129852    84.16943068511469
906.2397968831447    84.26086068860921
933.2214092361471    84.34657631688532
961.0063491495519    84.44943507081666
989.618534214374    84.54657944952959
1019.082594123633    84.66658132911614
1049.4238918738604    84.7865832087027
1080.668545597859    84.91801383872607
1112.8434510474872    85.06087321918625
1145.9763047458264    85.20373259964644
1180.095627828662    85.36373510576185
1215.2307905957998    85.54659511275088
1251.4120377933532    85.73516949495833
1288.6705146487623    85.9466013780394
1327.0382936809638    86.18660513721251
1368.5544996953572    86.45518077247766
1407.2348512812405    86.74089953339804
1449.1326639545473    87.04947579519204
1493.0077723074792    87.37405230759758
1536.7077186524134    87.69520019487207
1582.4603462760865    88.03806270797652
1629.575173691602    88.38092522108096
1678.0927578761052    88.74093085984063
1728.054863315659    89.11807962425551
1782.1168162006713    89.5272288898935
1832.4859502271947    89.88952027874052
1887.0448271617627    90.3295271705579
1938.4829413689272    90.72039043549697
1991.323184214003    91.11811095069811
2045.6037756968433    91.50897421563718
2106.507841368558    91.96155273293505
2163.9282001024712    92.35241599787412
2228.355156472857    92.76385101359945
2289.0968968824764    93.1684287790627
2351.4943693316104    93.55243479373968
2421.5057611749075    93.94101230859138
2493.601612607716    94.33530419866149
2567.843984555636    94.70102421263957
2644.2967856934383    95.0381723505256
2723.025827458389    95.35246298753802
2804.0988807014614    95.62103862280316
2887.5857340252664    95.86675675719468
2973.558253858865    96.05533113940213
3062.0904463212087    96.20390489508071
3153.258520926442    96.29533489857523
3247.140956185918    96.32962114988568
3343.8185671633873    96.32962114988568
3443.3745750415223    96.31247802423046
3545.8946787596537    96.24390552160958
3651.4671287843876    96.13533239245983
3760.182803076607    96.00390176243646
3872.13528532025    95.82675613066583
3987.420945480206    95.63246737323998
4106.139022758666    95.4210354901589
4228.391711021374    95.19817485664102
4354.2842467672335    94.9524567222495
4483.924999717098    94.70673858785797
4617.42556609965    94.44387732781124
4754.900864714695    94.19815919341971
4896.469235856572    93.93529793337298
5042.252543182817    93.70100854941828
5192.376278615777    93.46671916546356
5346.969670367482    93.22671540629045
5506.1657941807525    92.99242602233575
5670.101687882306    92.73527913750742
5838.91846934647    92.45527475180545
6012.761457971051    92.13526973957464
6191.780299769905    91.76954972559656
6360.559280333006    91.37868646065749
6502.067551999574    90.99810907111156
6630.493487973486    90.58667405538623
6761.4560357095515    90.12380966269522
6895.005297231051    89.643802144349
7031.192364154042    89.23236712862366
7187.620727660225    88.79350311184999
7383.544878769688    88.36378209542573
7603.376259376841    88.21520833974715
7772.5344396365335    88.53521335197796
7868.132046581654    88.90664774117445
7945.456012496115    89.28379650558934
8023.539878685432    89.69523152131467
8122.224705055522    90.13523841313204
8302.926107156081    90.50095842711012
8466.921797466277    89.98666465745345
8529.251870702416    89.45522776214156
8571.059960933479    89.04379274641622
8613.072983136919    88.59807147938045
8655.291941833944    88.13520708668945
8697.717846469657    87.65519956834322
8740.35171143718    87.14090579868656
8783.194556101937    86.66089828034033
8826.247404825965    86.00945950544188
8869.511286992485    85.58088136406133
8912.987237030467    85.015158217439
8956.676294439367    84.43229194516144
9000.57950381399    83.98657067812566
9044.697914869472    83.45513378281377
9089.032582466343    82.8722675105362
9133.584566635796    82.46083249481089
9178.354932605012    82.0151112277751
9223.344750822616    81.56938996073933
9291.243305640128    81.10652556804831
9336.786472188574    80.6265180497021
9428.543620473823    80.1636536570111
9614.772005467725    79.68364613866487
9828.679259373643    79.9407930234932
9949.566239537513    80.38651429052899
10047.345473060153    80.84080712039238
10170.921919177561    81.31224307591098
10397.202269474546    81.60939058726817
10628.516853377609    81.36938682809506
10785.578579368363    80.96938056280655
11025.533670803403    80.48937304446032
11270.827228365424    80.52365929577076
11409.45178123058    80.8665218088752
11521.578021030768    81.29509995025576
11634.806180002277    81.80939371991244
11749.147087241463    82.37511686653477
11864.611678267554    83.009412515778
11981.210996068436    83.626565039366
12098.956192156807    84.24371756295399
12217.85852763672    84.75801133261066
12459.180215616714    85.14087447224395
12705.268381859474    84.68943882998977
12830.12924254114    84.15800193467788
12956.217171716069    83.59227878805555
13115.571030653136    83.0951281440541
13374.623935282812    82.94426863828815
13605.489082357348    83.38656128019288
13739.196850328886    83.83228254722866
13874.218629660672    84.32943319123011
14044.863367169355    84.83229821044995
14357.330282936719    85.02658696787582
14640.90986203626    84.46657819647189
14784.793214327052    83.95228442681521
14930.090578401368    83.43799065715855
15076.815850441753    82.9408400131571
15374.606387315478    82.38654561697159
15832.356831567964    82.4036887426268
16303.735947926569    82.69512187876558
16707.255050675947    82.54654812308699
16995.64617951437    82.13511310736166
17246.797451145878    81.72367809163632
17501.660082767812    81.35795807765825
17760.288918589795    80.98080931324336
18066.856918790487    80.5579455470812
18378.71672134747    80.11222428004544
18650.306164124017    79.74650426606736
18925.908989692518    79.36935550165246
19205.584505370924    78.99220673723758
19489.392894884484    78.61505797282268
19680.92465146606    78.26076670928143
19680.92465146606    77.8493316935561
19680.92465146606    77.43789667783076
19680.92465146606    77.02646166210542
19680.92465146606    76.61502664638009
19680.92465146606    76.20359163065476
19680.92465146606    75.79215661492943
19680.92465146606    75.3807215992041
19680.92465146606    74.96928658347875
19680.92465146606    74.55785156775342
19680.92465146606    74.14641655202809
19680.92465146606    73.73498153630275
19680.92465146606    73.32354652057742
19680.92465146606    72.91211150485208
19680.92465146606    72.50067648912675
19680.92465146606    72.08924147340142
19680.92465146606    71.67780645767608
19680.92465146606    71.26637144195075
19680.92465146606    70.85493642622541
19680.92465146606    70.44350141050008
19729.100976724985    70.01492326911952
19680.92465146606    69.62063137904941
19680.92465146606    69.20919636332408
19680.92465146606    68.79776134759874
19680.92465146606    68.3863263318734
19729.100976724985    67.90631881352718
19729.100976724985    67.49488379780186
19729.100976724985    67.08344878207652
19729.100976724985    66.67201376635118
19729.100976724985    66.26057875062585
19729.100976724985    65.84914373490051
19729.100976724985    65.43770871917519
19729.100976724985    65.02627370344985
19729.100976724985    64.61483868772451
19713.029112614695    64.13483116937829
19777.39523131675    63.723396153652956
19777.39523131675    63.311961137927625
19777.39523131675    62.90052612220229
19777.39523131675    62.489091106476955
19777.39523131675    62.07765609075162
19777.39523131675    61.666221075026286
19777.39523131675    61.254786059300955
19777.39523131675    60.843351043575616
19777.39523131675    60.431916027850285
19777.39523131675    60.02048101212495
19777.39523131675    59.609045996399615
19777.39523131675    59.197610980674284
19777.39523131675    58.786175964948946
19777.39523131675    58.374740949223614
19777.39523131675    57.963305933498276
19777.39523131675    57.551870917772945
19777.39523131675    57.140435902047614
19777.39523131675    56.729000886322275
19777.39523131675    56.317565870596944
19777.39523131675    55.906130854871606
19777.39523131675    55.32326458259405
